9.154076222098869176e-01
1.219219110935126693e+00
2.046017024914979832e+00
1.943274128817666924e+00
1.072130780190494015e+00
2.409802712737317831e-01
-3.629563972681281170e-01
-2.603674298683471555e-01
9.211789369112016734e-03
-1.598552341350908956e-01
-1.501592974099327682e+00
-1.051499748424638003e+00
2.304139152926720779e-02
-2.119250786800895847e-01
1.266187450875513876e-01
5.010252606836167466e-01
1.414849899126967570e+00
1.587283857453651859e+00
2.943027439571500370e+00
9.327585114972016811e-01
1.586448284751825977e+00
2.076523938705317374e+00
6.434147826727063535e-01
-5.961379595916784790e-01
2.972703705926971751e-01
4.569448199855334902e-01
-1.682836129508722856e+00
-3.702817892625950291e-01
-3.919159696367569001e-02
-9.893989851400795121e-01
-1.803228446154901410e-01
1.125962202610625296e+00
2.597911968178388875e+00
6.018799267949419551e-01
2.136680328491594505e+00
1.383994937216679322e+00
1.926346839453984217e+00
1.831700987228530808e+00
1.506096422041409255e+00
7.553576396079768607e-01
-5.101804687569814201e-01
5.670241037720806787e-01
-1.131349848765805355e+00
-5.915827627867223937e-01
-2.502921573262289812e+00
-1.026434705069445785e+00
8.303689247543282193e-01
1.800876237510886213e+00
3.791919023282144807e-01
2.566368981825438489e+00
3.044135472429621014e+00
2.770733122469400289e+00
1.870333347760826825e+00
1.678309203955862916e+00
1.110717403500493417e+00
1.133085209152756345e+00
-2.251064906901683926e+00
2.846184236338460405e-01
-7.318637353169404891e-01
6.339674788147497964e-02
-1.843201440620474640e+00
-1.264381230478227147e+00
-9.400616162281354438e-01
1.481520571564073574e+00
6.064809905392598566e-01
1.219527761764619855e+00
8.806443302461564038e-02
1.161432003187236717e+00
1.792750855413239197e+00
2.281778072640966215e+00
2.742760896548286365e+00
2.740242353655978902e-01
5.739105591344659807e-01
5.694083935203455571e-01
1.317194061543281336e+00
-7.540502327998845900e-01
-1.932606746503128248e-01
-1.110524868431318701e+00
1.384932990171584999e+00
5.583681031815015405e-01
4.584606521622625053e-01
6.420766238141784044e-01
6.231770012321287133e-01
8.091904035969236242e-01
7.745197596128058359e-01
3.112470968827408813e-01
3.596140603539076608e+00
8.487270599489507017e-01
1.868021960939134196e+00
3.892693441976924906e-01
-2.160761739669037063e-02
1.590066279508710323e-02
1.941836614579438125e+00
-6.843537108649975220e-01
-2.026510938879575896e+00
9.479022172358630982e-02
-1.244385461586321240e+00
-3.199011349304469176e-01
-5.713427301831811578e-01
-9.746959247511619573e-01
7.500590784896514762e-01
1.302931494786952582e+00
7.108643741333885435e-01
-9.753775998639280242e-01
5.158739287476020730e-01
1.706804913695531278e-01
-6.087302492276335242e-01
5.579684092658108163e-01
-3.592728180471940203e-01
-4.668549051655752069e-01
-7.288179203945549522e-01
1.263397761567959021e+00
-9.309227090905692892e-01
1.546200102340080651e-01
2.605394368666813509e-02
1.545695259055811788e-01
1.152882857762972835e+00
1.178643526307702416e+00
9.110544445006195646e-01
1.603116251812152226e+00
2.002890222139336096e+00
1.993802888037210952e+00
2.283862346252613751e+00
9.936030892285607763e-01
7.234627517977199052e-01
1.108028450700789369e+00
1.468461017559791637e+00
4.541424271444740590e-01
2.753030658378550211e-01
-8.654698197036342355e-01
-2.038041256505116472e+00
-1.793953900730138329e-01
2.162829991269093477e-01
7.178844738433772799e-01
3.071143420374886635e-01
2.175675169220904870e+00
1.828406075403171904e+00
2.342639416345556835e+00
1.492781548985001594e+00
1.475604891379858952e+00
5.222844119845752031e-01
-8.875806864866805368e-01
1.532433248462175823e-01
2.906096942494261759e-01
-9.918241598519547675e-02
1.683996433319440433e-01
-4.014605917926391543e-01
1.082722830532007352e+00
-1.134181927149356950e-01
1.932717824496249515e+00
2.214336312418252017e+00
1.072263163007201481e+00
9.613138438014871001e-01
1.553823021905258006e+00
1.657524269006836803e+00
3.369819850458779964e+00
2.024594722143063574e+00
2.213842485456790854e+00
1.396135948199646704e+00
3.710547607411235904e-01
8.482145469127541082e-01
2.129617340414721838e+00
-1.385196977359524073e+00
-9.991638603257062545e-01
-1.127196603969162547e+00
-7.521940168169357621e-01
1.253763880352804838e+00
-1.384789662790363862e-01
5.677221913371445217e-01
1.748167253528476905e+00
1.820074926206026955e+00
5.952061121179962333e-01
-2.277612086031888250e-02
2.065930072257193828e+00
2.266676506361279486e+00
7.373576925920324321e-01
4.118457177302400352e-01
4.606041203383632876e-01
1.661130995582550396e+00
2.316184298402162334e+00
2.797177343444818415e-02
-3.662657097871540035e-01
3.637762043348893859e-01
1.695280798387762022e+00
-6.167618402865694405e-01
3.118312497543879180e-03
-4.995050728661168948e-01
8.324461835450079894e-01
8.675085146723479079e-01
4.641785385107322082e-01
1.016801872106654514e+00
1.523426466425785275e+00
7.799279313751643627e-01
-1.164130243665408571e-01
3.065043963877049915e-01
5.106619169217878618e-01
3.483084721658639138e-01
-5.657625723466315204e-01
-1.349752430385340984e+00
6.156934628223406092e-01
-2.287668109211605127e+00
-1.132687508150224343e+00
1.537346785823649475e-01
-1.002005050395847530e+00
-4.208056924748770911e-02
9.408550015081204032e-01
-1.316758858973780866e+00
1.482955942730954102e-01
6.468397140439658966e-01
-9.937922142024919747e-01
4.422970526544265368e-01
-9.146969335766794718e-01
-1.668173759157866476e+00
-5.309757588618185808e-01
-7.823042309712758824e-01
-6.182504894450349120e-01
9.267705684611166062e-02
-4.491803482290257499e-01
4.447883163550384045e-02
8.525728247703673324e-01
9.154070866329235834e-01
1.466798621632711686e-01
-3.201223053090640480e-01
2.098056761285632454e+00
2.308240989133940602e+00
2.402924806993484541e+00
2.831835114401093811e+00
2.195441623862969038e+00
3.313654445943050142e+00
2.628273645511887580e+00
2.163709031704538877e+00
6.575613664603769948e-01
1.118714674034527068e+00
5.789908862954491475e-01
-7.575433348467973671e-01
-1.575721102169797216e+00
-5.315643139838327480e-01
-8.321407240189524490e-01
1.252723597268040168e+00
-1.854072630963458090e-01
-4.967938529921078761e-02
1.440052925528658267e+00
6.715732123954916144e-01
2.839985752946640574e+00
2.496509748733202194e+00
1.805474416931884596e+00
8.564709469896225613e-02
1.851254325090206487e+00
1.133477760996715267e+00
-7.181494334376569144e-01
-6.251507688043723698e-01
-1.574420822757892857e+00
-1.598662263878812162e+00
-2.514425910860600411e+00
-2.667621744969891906e-01
-7.900159711420677855e-01
-5.933126708050351361e-01
1.023327403073061026e-01
5.731738533675782010e-01
5.547108557769793169e-01
2.494652328769338290e+00
1.389140874298647965e+00
1.739754480605559150e+00
-1.639184939035259303e+00
-6.197241496962284657e-01
-1.325271554257376083e+00
-2.854771531525692296e+00
-2.001365061296985992e+00
-1.170802061605615396e+00
-2.176200238078653815e+00
-9.208178629204313292e-01
-1.806999373116591756e-01
5.188142464914924368e-01
-6.558566402866478073e-01
1.511801433991815546e+00
1.177917374215048829e+00
2.144417426862958997e+00
1.580712081839394489e+00
4.004809767146528809e-01
6.346743460250968694e-01
2.250543704706300829e+00
7.229494759222476752e-02
9.501681641887600449e-01
1.322177680621058338e+00
-7.199090394146814287e-01
-1.473979110522684932e+00
-2.434848827980984787e+00
-1.240442629253308837e+00
-1.031693943770314981e+00
-1.396934698528342622e+00
8.575964427107640731e-01
1.120569864956831196e+00
1.526242608640330456e+00
3.163734569322131485e+00
1.754734270844034771e+00
1.433752920728695424e+00
2.715481041742552115e+00
2.571810381840568205e+00
1.555036508551381758e+00
1.521910575877393201e+00
1.992944922016525400e+00
7.910497417678206133e-01
-1.052067975731737715e+00
-2.778962368279675466e-01
-1.730188570237054524e+00
-2.045408206106373417e+00
-2.755780658402011696e-01
-1.128033326943320924e+00
1.101811327372263616e+00
4.177954605068989052e-02
-2.363902051866949572e-01
2.810183907262267411e+00
2.865591264418970052e+00
6.918461285274746242e-01
1.763997854235717533e+00
2.088594521031817752e+00
2.495785557149893918e+00
1.572197408734612445e+00
1.557099079833568878e+00
-5.156083070244595890e-01
-1.908832931671515798e-01
-8.271008840158899922e-02
-7.506037680161472547e-01
-4.588085627073813511e-01
-1.926784046982961129e-01
9.626686376377363574e-01
-5.996390565580314025e-01
-8.159008685921307347e-01
1.269071350278955013e+00
2.148938105754427674e-02
1.918106288114318492e+00
1.104843593420145931e+00
4.769057611230744786e-01
2.141665488463937450e+00
2.992281368513844964e+00
1.103446414409344545e+00
8.880960748311543806e-01
-8.802437900230143386e-01
-7.655507983087970203e-01
-1.622712474251223891e-01
4.017873210418054786e-02
-1.163713006447222531e+00
-2.218727658980470085e+00
-1.800420872982098519e+00
-1.385562830318073591e+00
-6.576719993502884165e-01
5.003731971408878487e-02
-7.328950726176641783e-02
1.277435551371052469e+00
3.340744888275903435e+00
8.930271612548890126e-01
2.715352215416421799e+00
1.200385031241039568e+00
1.208984666018437126e+00
5.783038946536960268e-01
1.265198340197200455e+00
1.445856346742230292e+00
-1.068660327081914829e+00
-4.421835980242161401e-01
-2.203352389814029255e+00
-2.236512393516321140e+00
-1.219324296028943655e+00
-1.599494139737823950e+00
-1.264871223775933418e+00
5.565494562711759130e-01
6.192273433880522981e-01
1.207001459585641090e+00
1.886899473947360573e+00
1.231443140060908270e+00
9.475587645811076598e-01
9.928303312415076576e-01
2.246439853116858565e+00
5.060171138935279922e-01
-8.801628499649837289e-01
1.532676007195368673e+00
-3.109488278975609532e-01
7.031845310121846993e-01
-8.253576044936762335e-01
1.421952902172356481e-01
-1.390102251951163659e+00
4.517314621952691622e-01
-1.230519939078431824e+00
2.571251835154700238e+00
1.775431868697814108e+00
2.134160233724628597e+00
2.030204039384418291e+00
2.532520376275093188e+00
3.740238850248339908e+00
1.793445191694853280e+00
1.328633137346209914e+00
5.140599997648493957e-01
7.536685732549726069e-01
-4.514752088206518965e-01
-3.050220016562824599e-01
-9.137761836346611766e-01
2.423085564389302338e-01
8.881725073339852283e-02
1.851067542903777507e+00
1.310795244916824087e+00
1.777306920977068216e+00
1.369759326898370322e+00
7.328673205891792497e-01
8.328095904968578767e-01
9.949798088553554187e-01
2.483584819587910886e+00
-5.572258717104444647e-01
4.506193501726162287e-01
-9.853070345730453594e-01
3.938596787936996524e-01
-7.759983239961172341e-01
-5.496785844707864355e-01
-2.345464489267304220e+00
-3.844391652854065589e-01
-1.303599598325534181e+00
5.850883630914265332e-01
7.572756395528201789e-02
5.465726718557217811e-01
5.187306126210250445e-01
5.857763430269646854e-01
1.121053559147604739e+00
7.439441179050455544e-01
1.050537026028895982e+00
1.900230926221961658e+00
1.483500652044811519e+00
1.233730786002980029e+00
1.853951177363433178e+00
-4.972301425382619211e-01
-3.920028736562224392e-01
8.857400534285122529e-01
2.848536979615209352e-01
-1.124306636700680428e+00
-1.743920819135937883e-01
-3.610081685958663189e-02
-3.590710198813168441e-01
-2.394216560390993731e-01
1.645150619761071853e-01
8.418038131417884262e-01
1.391236750200347316e+00
1.165713668796065416e+00
-8.796695115422383804e-01
4.510239798162203884e-01
-4.374250288319568858e-01
3.444612548103017646e-01
-3.166789007352516228e-01
2.586999687963114081e-01
2.610947516509706801e-01
-1.344014579453343128e+00
2.142777203977920264e-01
-1.628243367744918180e+00
2.861018166347456537e-01
6.121708950503174096e-01
-1.258114531885621945e+00
6.549040019075645924e-01
-3.938901662300449136e-01
3.520563142184420791e-01
5.466726844212773662e-01
6.384801653172464952e-01
5.985365793724974903e-01
1.612353227463232619e+00
2.292172513278007973e-01
3.250689389933161810e-01
-1.181242074755430860e+00
7.530956207528222146e-01
-2.909197589512457771e-01
-2.241773124905043879e+00
-1.129092447547377365e-01
-3.947391747407685281e-01
1.762164383806585466e+00
-3.744397578009644456e-01
1.598318281921234707e+00
-6.434718444598230835e-01
5.236487680801833466e-01
5.501652565609709278e-01
2.575562499294306473e+00
1.334800381626306987e+00
9.884053252872120332e-01
2.143598100909268833e+00
-8.893947622185276458e-01
8.490092265375783764e-01
1.025453555813284900e+00
7.480915799017284762e-01
7.226007353187891002e-01
2.009740118470664250e+00
-1.500738644708269898e-01
2.044161096309793368e-01
7.679980156497168142e-02
9.576444470335407910e-01
9.459693496081635899e-01
1.969822152826793404e-01
8.888376789221016372e-01
1.591632703593691689e+00
2.740256145935796583e-01
2.894424591816588510e+00
1.960206566358510427e+00
-9.952348171538414334e-01
-8.532292718615155924e-02
3.843937729304758855e-01
-1.829338810294879103e+00
6.989965146892694881e-01
-1.361390444253274490e+00
-1.971808654200944755e+00
6.168675771407101660e-01
8.766180995638848117e-01
3.038153429779629988e+00
8.290587255039874037e-01
2.212362231328162565e+00
-5.419770655653914915e-01
1.159230757524014166e+00
2.602607741540138075e+00
1.544089866558363333e+00
-1.454261255649915707e+00
1.609168507970482276e+00
8.194352728386522511e-02
1.023389632798681337e+00
-4.783924275976567109e-02
-8.472720681911668494e-01
-1.722526998516558994e+00
1.392244038287921315e+00
9.841633226921723265e-01
2.002316654215113623e+00
7.987994010891180663e-01
9.840157888392008223e-01
8.638958516133059540e-01
1.609241711317699774e+00
1.957924663974500490e+00
5.014033712022369915e-01
8.676983604956056695e-02
-1.003567779468163002e+00
1.383886484357055302e-02
5.864102850557213475e-01
8.909108446332821840e-01
2.712847043214846043e-01
6.305869160935465567e-01
1.430313653951174602e-01
-7.221999811600738894e-01
-6.313136559038226014e-01
-1.277544371959110858e+00
8.941273575579079536e-01
-1.363475487508561956e-01
1.260955668061936930e+00
4.623710216353543179e-01
-1.605590399318402861e-01
1.676017453216902764e+00
9.425270880083470582e-01
-9.587561256133825260e-01
-4.968919230994126024e-01
-3.323712584574005091e-01
-1.319560805351850385e+00
-1.334890235968261285e+00
3.247220765651018248e-01
-2.773786837295403318e-01
8.830629730772818764e-01
1.177076037520191631e+00
9.130222470101958532e-01
1.214684173898601172e+00
3.722814743211333988e-01
5.805766262961353785e-01
3.040802308799835929e-01
2.593737064444783802e-01
-8.049604626660294970e-01
1.418520689655851097e-01
-3.317086616319569470e-01
1.344342033479378085e+00
-4.169688349436122543e-01
-6.988742702272310314e-02
4.317860740495024774e-01
-1.891158971828616364e+00
-6.178860376077196515e-01
6.712653600385680708e-01
-4.268062591312377085e-01
7.959408977641241334e-01
2.007622902925651598e+00
1.644486035856891348e-01
3.396165558192878464e-01
4.119821979232308751e-01
2.995392395618046155e-01
9.440035944658226041e-02
-8.073061899512942730e-02
-1.493008933244500236e+00
-2.702137135521261446e-01
6.921622198555575922e-01
-4.066455412673991021e-01
2.294610772462246651e-01
4.909391799044865445e-01
-3.295793675397185041e-01
1.756900956493545607e-02
-4.827290812984252888e-01
2.639063060109801739e+00
1.565806352560947801e+00
9.848737279363701802e-01
9.547483593692452919e-01
1.568074148385719901e+00
1.601922663716432549e+00
1.940978721742714352e-02
6.442443715775098001e-01
3.578978603807176917e-01
6.534909002856494897e-01
-1.641552963925515307e+00
-2.150934247217391793e+00
-2.754298666430301523e-01
-4.781490076314893756e-01
-7.488148927459739035e-01
-1.170088579723056688e+00
-1.518410741205164172e+00
1.590111369902355021e-01
2.264858110721149842e+00
-8.796013096727441916e-01
3.265148216088890609e-01
1.429244072381818942e+00
1.827481646617015176e+00
2.208348814462577359e-01
2.081997147290063577e+00
1.997315530499724989e+00
1.708286653621031270e+00
7.553392363631902251e-01
-1.276750922529790166e-02
-2.668693374454439438e-01
-8.393417419781390443e-02
-1.237086792485253550e+00
-2.586203009081186721e+00
-1.535158463124040029e-01
-7.737437479943130025e-01
-4.782376011543740257e-01
-9.784440399384304321e-01
-2.411657979599124424e-02
6.437202938999035950e-01
6.359833365915563697e-01
5.691276125505417838e-01
3.085227578274919669e+00
2.421350681793565052e+00
2.221815378359865534e+00
5.129045495328177218e-01
4.771807836423724858e-03
2.651161170708682402e-02
-1.394512734208334992e+00
-1.110239108753536819e+00
5.690599700129639338e-02
-1.508168130174004640e+00
-1.111233616481506203e+00
1.969340009226508981e-01
-1.408597245536603870e-01
1.101594015058916076e+00
-7.474853189275260101e-02
-3.048254086721522982e-01
-5.449492150833595838e-02
2.888871625349642702e-02
1.766209548311263422e+00
1.391963167510934518e+00
1.198844956275917362e+00
2.188797329787584012e-02
1.980772733135319319e+00
1.686736814587750821e+00
-5.493322808392289147e-01
-4.149732880585867978e-01
4.966055829291682322e-02
1.338449927555471319e+00
-4.519681504807597228e-01
-1.005277584579437333e-01
-2.260523060772571036e+00
1.316302569645308340e+00
-4.776291036123175848e-01
-1.832287260694979714e-01
2.084804518874039392e-02
-2.248852518515375820e+00
-3.938371488459637138e-01
1.747069346536687551e+00
4.850677319106640462e-01
8.464531711639671219e-01
1.541696055927032960e+00
6.856265053720367320e-02
3.143288353133593116e-01
-5.892346318022778640e-01
1.693401221661957168e+00
1.713849135843705795e-01
-1.101154948600104877e+00
-6.022623946394572991e-01
-2.384944663415750732e+00
-1.385209832794458973e-01
-5.785562932621987065e-01
-7.595173163359734136e-01
1.589092857119308810e+00
5.621172372052688493e-01
1.334254247246667857e-01
3.379773281447768785e-01
1.259648610892623477e+00
1.898798541354477454e+00
1.698455685143053007e+00
1.832825289257243639e+00
2.135280649808854569e+00
2.472944214490730985e+00
7.439984517424280686e-01
3.939905597263299031e-01
4.801942199320031190e-01
1.406040293217630577e+00
-2.963877727992647593e-01
-1.347353592823915758e+00
-8.606731884843381586e-01
-1.669783838879410176e+00
5.859798746754106835e-01
3.661257275474325557e-01
-3.561497617827164563e-01
4.269855121959130195e-01
4.289485847304262967e-01
1.148023143407238100e+00
9.456300361327391046e-01
-8.681497534282970330e-01
-7.087111014096197925e-01
2.310900375411232277e-01
6.070201946915191327e-01
-3.714693688970949204e-01
-5.528752337405751227e-02
-2.699444689696186006e-01
-8.728490949121432696e-02
-1.204821896507166201e+00
-4.836633132475015584e-02
-9.042277612631877126e-01
6.881505151617187677e-01
-7.865439587086875406e-01
-1.056227139685447236e+00
-3.847232590650446760e-01
2.741225027323481722e+00
1.323519987371150952e+00
1.277396461519823223e+00
1.965569190646249353e+00
1.042464690027327778e+00
1.596131164071581621e+00
5.156681072567559365e-01
8.982033342334501125e-01
1.631078313796243906e+00
-8.653288803571005383e-01
-2.117781441884089566e-01
-9.607523773647335119e-01
-1.315570067558891054e-01
4.484585593004839499e-01
-2.779193843035078770e-01
-4.239261663645407241e-01
1.449434241936880863e+00
-4.355021987649485560e-01
9.246744036317484650e-01
1.218970658449122224e+00
-5.032041577301086255e-01
9.464359363002065040e-01
1.766492447038984503e-01
-8.336515503606152233e-01
7.428688782084291731e-02
-6.417723977942662028e-01
-1.774633141106209511e+00
-4.745122481498719735e-01
-6.077637861106300887e-01
-1.248647336075470182e-02
1.044575478397218538e+00
2.954771253483453819e+00
3.214090084201168818e-01
1.625031798206106659e+00
1.128473242146101674e+00
1.577082380490021918e-01
1.479059454377632088e+00
-4.446424027487512476e-02
1.204629602175680159e+00
-4.976198109020790045e-03
-3.293027186680301810e-01
6.646076673034613247e-01
2.257717354412639432e-01
7.727982540091540287e-01
-7.395087805122646518e-02
-2.657794637709318675e-01
-7.388751750665077944e-01
1.319442521911439625e+00
-8.471652395380460110e-01
1.093380910952731933e+00
9.989176370788191428e-02
-1.050949712237445821e+00
5.503430147323624677e-01
-5.538574042868104064e-01
5.794706426460747295e-01
1.697977536763390360e-01
-1.842954738172445373e-01
2.981037679169723509e-02
5.509017203593125078e-01
9.703897887901977715e-01
-1.550184191944106171e+00
9.144179335123561181e-01
1.632029114461005737e+00
1.064988406229391504e+00
1.970148864026469937e+00
6.223855872273016399e-01
7.720186634683119387e-01
-9.356229013736149236e-01
-4.340493983391723321e-01
1.269388358085236090e+00
-8.971531411755742091e-01
7.303496409992091820e-01
-7.344909589506164460e-01
-1.798966112435596287e-01
2.369342659452324806e+00
-5.902875006223333720e-01
2.766816692215313678e-01
-2.105580161414945806e-01
-3.708478131930323385e-01
-1.052697703093778081e+00
1.801533145610905606e+00
1.340729157065118748e+00
4.073322917299244672e-01
7.880338450923551896e-01
1.050763632139007031e+00
1.136698208472042282e-02
-2.613047279229143149e-01
1.110659050639706935e+00
6.848733535072704104e-01
-1.218170683509390173e+00
-1.652127357251936379e+00
-2.390081294864965678e+00
1.967103496008104635e-02
-8.777291588694599023e-01
5.185050644362017014e-01
2.211875743623878510e+00
1.247844569665820691e+00
7.230722643160893970e-01
3.386244119606757419e+00
2.905243737268182969e+00
1.032359536619321005e+00
1.216704017834600027e+00
1.507904930343737959e+00
-6.768982761566907369e-01
4.570947016610472646e-01
-1.054040183111269346e+00
-2.398027907065109487e-01
-2.421634984096225018e+00
1.331045696315065863e+00
9.639046715194481418e-01
-1.351217636001411204e+00
7.380256538346725570e-01
5.801399620467999618e-01
4.080988774998381974e-01
1.352066940556774899e+00
8.669957091715466690e-01
1.153664088317217118e+00
-6.100495362373702379e-01
1.188756481313806734e+00
5.952170640453915418e-01
-8.169740107623688630e-01
8.805486270453632969e-03
1.345326791290301749e+00
-3.385098733805227411e-01
-9.496346442403158505e-03
9.658443176772256722e-01
3.805346878757398521e-01
1.452387598407645086e+00
1.861316195870294177e+00
1.380483781451229852e+00
1.960570347842432781e+00
-2.302505103103317241e-01
-3.112547584602632922e-01
-1.518254298484162490e+00
7.217352141149935285e-02
9.369514530071793024e-01
2.452788483528011376e+00
1.792241411587037314e+00
2.232424628542478473e+00
7.151996586401211387e-01
6.663264156587022091e-01
-9.590247124406445778e-01
1.945433842980852202e+00
-1.188303569202513177e-01
2.795557128483059373e-01
-2.516261879546302094e-01
-5.709352197786252692e-01
-6.417256176025142311e-01
4.531426404664942176e-01
5.041203934089815153e-01
7.072927253709226925e-03
-5.421072275253679962e-01
2.197141513803843260e+00
2.132824793010443809e+00
1.681287702872525269e+00
1.643492839192303379e+00
1.297651581499419837e+00
2.325618735549995764e-01
1.161955965931649182e-02
-4.239354014453335928e-01
-2.516195057726064555e+00
-1.378339278718027305e+00
-2.634622472325462539e+00
-8.687917244362535207e-01
4.074529930834946412e-01
-2.390718630715308324e-01
1.037175330066480550e+00
3.351612465491510928e+00
2.302878994891306874e+00
1.901692828281772663e+00
3.606597300302269993e-01
2.629773999146878261e-02
1.867862053631719643e+00
-4.042910208837294794e-01
1.369433268631619072e-01
-3.052438575791098341e+00
-2.565524712532491147e+00
-1.786761456267807358e+00
-3.997220421646927591e+00
-1.875380887879429581e+00
-9.435362122486937730e-01
7.925300646755025769e-01
1.950202451406104487e-01
3.617305035211008324e+00
2.962380557310781093e+00
2.337484837690960049e+00
2.444117505085945830e+00
1.496969021687694523e+00
1.095308464961179729e+00
3.737901046919722692e-02
7.846557145593695548e-01
-6.454063214013812111e-01
-8.809331310370398516e-01
-7.433691861878396479e-01
-1.802352970334078375e+00
1.143005635593004055e-01
-1.980384173142259119e+00
8.248807995006686156e-01
7.032255919164960289e-01
1.823086412710575255e+00
2.273254352977616133e+00
3.241373589219992635e+00
3.003186175484708453e+00
2.656899351656481389e+00
2.649964848297130082e+00
1.549215942489875264e+00
9.802633469132618904e-01
4.753170709059996724e-01
-1.091493396124797233e+00
-4.006183447352373861e-03
-3.522089262779672492e+00
-1.105541634776292748e+00
-1.082338313020711151e+00
-2.231542650262613670e+00
-4.784492565090990857e-01
9.626263720202532514e-02
8.722998437226288093e-01
6.560884782633940038e-01
1.650917762610416561e+00
5.947370143846890667e-01
1.459323676081465404e+00
1.517323156858717326e+00
8.233904791158872527e-01
2.648086405465793769e-01
4.000436919855814288e-01
-1.687453789058267928e+00
-2.386781374662704458e+00
-6.606319176244841440e-01
-1.052319601540579574e+00
-3.777954244683544571e-01
-3.386461056330155039e-01
-1.334746394231981492e+00
1.849807430172047074e+00
2.281616421508484427e-01
1.308305692691750233e-01
1.529192860519489772e+00
3.675094715547717605e-01
6.871557196505218013e-01
-3.389963513956375518e-01
-3.082537403205058979e-01
-1.323521321165597175e+00
-8.682305043877787121e-01
-5.501780990499671731e-01
-4.967060942287212510e-01
-3.045000222008319435e-01
-2.304102114091077791e-01
-1.628697403148506306e-01
2.753958581744290202e-01
2.157371924208555947e-01
1.623664307297125742e+00
2.021941423445641761e-01
2.017393919789515877e+00
1.978042573214690236e+00
9.368508243931543689e-01
5.317534139093319512e-01
6.061145761524440179e-01
-1.082524511710638571e-01
-8.811693989506687030e-01
-7.683762985877511387e-01
-9.153107060221494784e-01
1.073018141951951776e+00
2.276372707484681027e-02
-9.432421251107193927e-02
-1.130622261005516549e+00
-2.596559307985028542e-01
-4.028417615613200109e-01
2.129079167111615600e+00
5.624790806350714600e-01
1.085650647396809720e+00
1.520248113832043613e+00
6.603589566767873453e-01
1.081168551842016878e+00
1.338643022060190146e+00
2.665392431430442244e+00
7.181680994207157998e-01
1.176198456931784042e+00
5.269813104859522035e-03
-2.013925077552726428e+00
-6.944365122944562430e-02
-4.350652143857258736e-01
-1.079805508652928570e+00
-8.933749640148203053e-02
-6.830628637705101758e-01
1.798232094904843148e+00
3.367107562970872436e+00
3.785823450752592301e-01
2.460263012568470131e+00
-4.265553624938487332e-01
1.418486517737262531e+00
2.062921432510205766e-01
2.495052502854448129e+00
-2.484622698474627356e+00
-1.542892391684126174e+00
-9.804301238579422595e-01
-1.152445545820460993e+00
8.571310038008755905e-01
7.298663881703454370e-01
8.580386865220993586e-01
-3.151908936909484371e-01
8.225188399362008962e-01
8.739112190118146772e-01
1.284256366994965814e+00
1.335336661288822224e+00
-3.219598003669132957e-01
9.809602763410445458e-01
-4.997983616319748301e-01
3.015166155191645325e-01
3.798586290955911493e-01
-7.585382858387716976e-01
2.040401377150126150e-01
-1.214073087209362578e+00
-5.012881867772376321e-01
1.784991388634890042e-01
-1.245512474134062186e+00
5.992543043577003292e-01
1.341970042936202923e+00
1.122848267354016993e+00
4.883239886764932924e-01
2.396754221451388833e+00
1.366189353213177915e+00
-1.498816795394170009e+00
4.410059879303132591e-01
6.680241763361649543e-02
9.427947297946699390e-01
1.706863120800505007e-01
2.423404424823364864e-02
5.198256177860743898e-02
-1.708356849044313508e-01
1.902418858425762416e+00
2.182022142283999599e+00
8.358589593480142410e-01
4.841483963403849788e-01
1.977960120482233020e+00
2.455045029538403867e+00
2.700646025931017213e+00
2.194873886732503721e+00
8.779713012565556474e-01
7.668855322888408210e-01
-8.605185854654047173e-01
1.881699161407763832e+00
9.128850024545203112e-01
1.431760430968022524e+00
5.998719585969474188e-01
-8.641196642975423892e-02
1.207480146317393421e+00
2.143748656876399483e+00
2.351816572511119752e+00
3.321158449420920533e+00
1.288335027003036259e+00
3.232213687148164816e+00
1.060322787784051091e+00
5.238695917254145851e-01
-1.314531641830844366e+00
1.141764205599369975e+00
1.841585358998080402e+00
1.875442945716265797e-01
-1.102974694579611281e+00
5.519984009022622651e-01
6.386774221368498594e-01
-6.891686228516568091e-01
8.826985570371463918e-01
4.283257343350992397e-01
9.596341151483839260e-01
3.230592357148118321e+00
2.417267853310758774e+00
2.604130287781146968e+00
5.863256932569116398e-01
4.916031328714282056e-01
1.885285763283084948e-01
7.161112887328385801e-01
-6.325434691495632755e-01
-6.245118595561385266e-01
-3.896976543010716165e-01
-2.167009559858350087e+00
-1.769103660795224409e+00
9.023342849409125010e-01
-6.972061903228015112e-01
-2.680405306903904661e-01
-3.950936370556588084e-01
8.505540522058545605e-01
1.781674247930731259e+00
-1.480046635839318503e+00
5.026086501315453203e-01
-2.099408641177600843e-01
-1.803452001484538325e+00
-9.044494681739650987e-01
-8.713729778207299770e-01
-1.445099244004852679e+00
-2.120541466365319483e+00
-2.733073327510759931e+00
-2.503003481683800380e-01
-6.310862938728540872e-01
1.388222114925948603e+00
5.364589823909423627e-01
1.968009198825204420e+00
2.022991939295651243e+00
1.459498239989508672e+00
1.369903054382374918e+00
-9.853315406741810500e-01
1.304820386762027162e+00
8.494427207641105371e-01
-1.499896210182080525e+00
-1.129022660944020151e+00
-7.799379231693237546e-01
-1.654355095983617518e+00
9.185886202138634493e-01
1.909266359755274589e+00
1.823747834466364459e+00
3.018031427892431395e+00
9.688395441171477884e-01
1.900316182831468748e+00
2.098375706195300339e+00
9.272863151925592184e-02
-2.298666939789753560e-02
-5.237285184338061894e-01
-4.518079240641637018e-02
-1.678545040882769790e+00
-3.882821957986426487e-01
-1.612642654260667552e+00
4.667298332304860020e-01
-2.984675397743655201e-01
-6.197407115646624831e-01
3.769593635245083174e-01
2.343351454038301362e+00
6.444901886283643799e-01
1.710210540112012456e+00
1.911457878293123080e+00
8.243799308072866650e-01
-5.431082238644968641e-04
4.715810056170038900e-01
2.897235465292276491e+00
-5.964462526999405600e-01
-2.741037247241598362e-01
-8.908412304939192783e-01
-2.241585482895768422e+00
-5.215379949837315454e-01
-6.280788889808299746e-01
6.737941104605278675e-02
2.298251043787306713e+00
2.198580552379076458e+00
2.895703286582223424e+00
1.461558378064233610e+00
3.480326727166626277e+00
1.651914513541645535e+00
5.335432547868435016e-02
1.228826219618952997e+00
9.387140887947269530e-01
6.632803478553214171e-01
-9.577357584365506216e-02
3.869321160037762497e-01
-2.082450124677046599e-01
-7.354201038498375809e-01
-1.682580177488335993e+00
4.661254322866135169e-01
4.963866931553809758e-01
6.009701541585970030e-01
1.051369050067391564e+00
-2.316890458521098095e-03
1.263073213328429700e+00
1.319072521511521323e+00
4.254516821307408048e-01
6.538442386278719987e-02
1.848421225515635147e+00
-1.166276263687213710e-01
7.721055542589900789e-01
3.832406963655730081e-01
1.380851133819935406e+00
-1.186809991314564439e+00
3.049881486527586394e-01
-7.719218885567413757e-01
-4.888506646449749526e-01
-8.317282864492474559e-01
7.543393825257416196e-02
7.029283061914860520e-01
-2.511477174960810022e-01
-1.520578878929676803e+00
8.502515455056791627e-02
1.398709451263010717e+00
8.514618845172851058e-01
8.137849108072114923e-01
3.323389102640374126e+00
2.324024582316741583e+00
1.737654813280264943e-01
1.006303187991302250e+00
5.846511681243993230e-02
-1.239716228414082355e+00
-1.862002992146624125e+00
-2.943302981758434633e+00
-1.573020484635744065e+00
-1.773584602794708420e+00
-1.861396529515335851e+00
-1.421525560795099175e+00
-1.821290220287590689e+00
6.436064429367156503e-01
5.998201661366255877e-01
7.538205122420411630e-01
3.205747204982317466e+00
2.043735183013569934e+00
1.649781938403188875e+00
5.781891489469634937e-01
9.675218310024660262e-01
-1.098346154463085034e+00
-2.025332922878388953e-01
2.651613212656162011e-01
-2.040261311647229459e+00
-1.442716543560080389e+00
-1.924547505414123894e+00
-1.575545910160232266e+00
-2.000332802239300989e+00
8.175007451896799671e-01
4.802258817975963989e-01
2.126254085422098761e-01
7.950300111232364575e-01
8.865525751088587647e-02
9.514368171342811875e-01
1.831014282144794336e+00
1.833760050236809658e+00
-3.263969605034455768e-02
6.204920192074229179e-01
-1.468879218836059319e+00
1.000234650627227495e+00
-7.751478648089611401e-01
-1.731246538392036793e+00
-1.345338268875766019e+00
-1.916746831069979784e-01
-8.865211512547831463e-01
-6.748550345362070990e-01
-1.803184612930819997e+00
9.353816539508347239e-01
-9.007367512216557515e-01
1.136029060482197872e+00
-4.505836521335710998e-01
1.612373428984715140e+00
1.368808757886733840e+00
3.640552009038671155e-01
2.525642633046598640e+00
2.029256413865912378e+00
2.110233188093368906e+00
1.396221823067454348e+00
-7.432340407469686383e-01
4.525015933959214975e-01
-2.518490750377776477e-01
-2.230970229880844258e-01
-8.061989850121207279e-01
-1.324855542834306510e+00
-2.944972358445634431e-01
1.042703350852025590e-01
1.249936134872025040e+00
1.217271682306563907e+00
1.461637910634416837e+00
2.994191721613033152e+00
1.483743718987105664e+00
3.078851428352999964e+00
2.296679656217193610e+00
1.649857975846828584e+00
1.839962489727506645e+00
6.664605213282421836e-01
-7.404604180291045612e-01
-9.648263876870546984e-02
-6.867859476257155427e-01
-2.315283470327348381e-01
-1.155234618645750277e+00
-8.462907169547482233e-01
-3.754163404565871720e-01
-1.158315264782762144e+00
1.161670470317330839e+00
1.461502530196165939e+00
1.006242259977258247e+00
2.783656931368672538e+00
2.025736927513306362e+00
4.589670111456420898e-01
1.656892352417083991e+00
9.458571355201896846e-01
2.623126738293893312e-01
-7.104185005377070539e-01
-9.131277060699891646e-01
-2.845009208326463757e+00
-5.064686982382318181e-01
-3.175958936157009527e-01
-9.948161541316884460e-01
-1.037964582798862834e+00
-1.261940740268329364e+00
2.767493881318345839e+00
1.943570777884052969e+00
1.247200798158658364e+00
2.069860452540853490e+00
2.921320792175913228e-01
1.314619440639148262e+00
9.761388576608169831e-01
-1.398228140225308724e+00
-3.873379212102514013e-01
-1.476026838544048481e+00
4.862663093212610255e-01
-1.356007657327250593e+00
-6.337532172276794107e-01
6.461312398095012677e-01
2.287165468720755435e-01
1.306556084230894310e+00
9.641204655566448789e-01
5.865385897571750995e-01
1.204008595509435064e+00
5.709945370154599908e-01
-2.344446432194715046e-01
5.122929152422968091e-01
-1.400195967920929707e+00
-1.900983366851411782e+00
-2.122797283386081979e+00
-9.795808214605469799e-02
-1.345142825219133309e-01
5.231155195240642097e-01
1.144120753703202986e+00
1.120429372333409557e+00
1.478272825567186421e+00
3.332040236487942231e+00
1.094151912020688178e+00
-3.654410985538307788e-01
5.346527338799587081e-01
-2.306149202384160546e+00
-9.135479744246359779e-01
-1.878629157850030706e+00
-5.641356422188629205e-01
-1.199429769555075964e+00
-1.051091437077245061e-01
-1.589590551479152791e-01
1.385148296721534278e+00
7.540494987146219019e-01
2.544329642290804827e+00
3.510385887567752938e+00
2.911359134512340407e+00
3.018450862316165662e+00
2.569780743385294830e+00
1.770860190519590649e+00
7.367705964569162269e-01
-7.911112684142002083e-01
-2.214491235219955279e-01
-1.632728486509624322e+00
-1.231321270933110945e+00
-1.779148712187837322e+00
4.456791064404262981e-01
7.599426933444876076e-01
7.911097020590724949e-01
2.893312466159335461e+00
2.370486813406714077e+00
2.804087028572545659e+00
2.797195061490238999e+00
2.320798231016917512e+00
1.731348992192425884e+00
1.815437661680310288e-01
1.112117883629072823e+00
2.603486727383971244e-01
-1.025704981798504001e+00
-2.110786213798693023e+00
-9.008749634465756939e-01
-1.119880542016717939e-01
-5.694805129537792165e-01
5.407970335491416591e-01
-5.623626504596783704e-01
-1.503255132568124042e+00
5.051063399042968749e-01
4.625394247143277404e-01
-1.767064432265219587e-02
2.265559933239659429e+00
5.832199848639795237e-01
1.183773256859859790e+00
1.624123187381420585e+00
7.999541883948799725e-01
-3.657484088976580283e-01
-6.108786988871783841e-01
1.490689960916772527e+00
1.216824218797311286e+00
-7.651014344517783616e-01
-8.553390318826940009e-01
1.463078799308098921e+00
1.240985877463288922e+00
9.466757550619202544e-01
8.027239483916275287e-01
1.580695141274859772e+00
1.957760475375555309e+00
-2.396716948154090643e-01
1.526264937482422646e+00
5.443172564642955180e-01
1.413089366541464997e+00
-1.841966576041161874e+00
2.844203018770480318e-01
6.770253750822059491e-01
2.165768270618233515e+00
6.711908175103765695e-01
1.496622817159826813e+00
4.106901965825326961e-01
-1.207232042440790298e+00
-1.852811993517462508e+00
1.179557060171969818e+00
1.323545364743071939e+00
-1.823431473954299387e+00
1.274740583240644209e+00
1.306608815971517235e-01
2.001223185404626737e+00
1.642046887334723815e-01
-2.383902792718938235e-01
-1.207202952958128295e+00
3.161770881736247762e-01
1.121949398084594929e+00
8.008637146059721656e-01
6.500496056739604178e-01
3.008144548814171704e-01
1.012938977177293837e-01
-6.484082318681999579e-01
1.658764550973871099e+00
3.115218144137349432e-02
2.961321939868171160e-01
1.299794122398443053e+00
1.187958161643446253e+00
-4.086401357564434789e-01
-9.213954926231928688e-01
2.363898705004704448e-01
1.505788918048706626e-01
-1.114994513144966559e+00
-1.610109849710817720e+00
-1.392433391359930939e+00
2.354791407080911725e-01
-3.973185852278945940e-01
-2.997068275053605957e-01
8.660052178505819320e-01
2.681901532708632629e-01
1.657496802898789756e+00
1.426126525336334439e+00
1.944287490493214143e+00
4.516351864292770801e-01
6.698385672300466442e-01
1.187429242572488830e+00
3.848643628277084727e-02
-1.050941036641056092e+00
-6.686632200412545579e-01
-1.462620039376598680e+00
-1.174324312251129765e+00
-7.052462693657393089e-01
7.504174640380016914e-01
2.615139348149302378e-01
2.511818634778664183e+00
3.709291238454476947e+00
1.783911883686901678e+00
2.238205931349207756e+00
2.388405947499037119e+00
2.127861714975515017e+00
2.384895286327276320e+00
9.476845156512996304e-01
1.389511574262149995e-01
-2.464294464612588165e+00
-8.236271375729958821e-01
-8.488309522839218024e-01
-6.639585350196099967e-01
-9.559257724733752903e-01
8.098870537968722028e-01
4.258835478703092425e-01
-6.898726496424723020e-02
1.275340649337719068e+00
1.740804734922436259e+00
2.818403624594529866e+00
1.346242787824193377e+00
2.466656087214882831e+00
2.055472644893987955e+00
1.014256407682645245e+00
1.729091543686587906e+00
-1.755435619268956859e+00
-3.277762468523813588e+00
-1.727016584127530008e+00
-1.059789223809735059e+00
-1.735162667676849679e+00
-9.536761164393824375e-01
-6.373887986183870424e-01
-1.471494521465891880e+00
1.834481339139889311e+00
1.918908154339740157e+00
1.551499505859518901e+00
2.950589892784361457e+00
1.204171535163289342e+00
2.343564290966028807e+00
2.561917840868099816e+00
1.381333600163563657e+00
4.251879804906697480e+00
-1.728122199323846919e+00
-1.992108505609960112e+00
-3.707231937551385137e-01
-8.809424206585031447e-01
-5.434691744624144949e-01
-2.846931593359077084e+00
-1.511009330553914287e+00
-6.775620238536881335e-01
1.069306560268886042e+00
-2.892144691557441138e-01
2.289965317410793233e+00
2.182177301778629008e+00
1.905963383270394829e+00
5.624367309234281631e-01
1.946241901979804734e+00
5.823043750742007418e-01
1.452728724439107832e+00
-7.913157619863887549e-01
-1.634224604268439851e+00
-2.816735297870515686e-01
-1.104677445879882702e+00
6.558748962722367182e-01
-1.510385412849942322e+00
-9.228677802746135805e-01
1.060734552233697503e+00
-4.805777790092076174e-01
2.155270674610246573e+00
3.314136264774282026e+00
2.657851871355910056e+00
2.015628433030631328e+00
-4.047491389482382740e-02
-1.714530768873826050e+00
1.975053990707556148e-02
-2.906642458102985382e-01
2.438763151260513462e-01
7.752922363971694875e-01
4.918753592760674587e-01
-1.407062105451103662e+00
-3.029901717084994006e-01
2.014982570529729511e+00
2.039325230431296543e+00
1.378747655767011970e-01
9.502515687661045041e-01
5.073119039590782142e-01
6.093242671954428591e-01
5.467293085762618965e-01
-5.137391800972909151e-01
-1.244473552166252661e+00
-9.441399994266228557e-01
-2.222562153824333642e+00
-1.786428178626991770e+00
1.948607196353734361e-01
2.311155267968256322e+00
1.381094078353675814e+00
5.323328718916598978e-01
1.591723252914564624e+00
1.040963344063783103e+00
5.288079291280738392e-01
2.875967383860722038e+00
1.670357082996056119e+00
1.842312817605281428e+00
4.649645720248481995e-01
1.434932485568390259e+00
-1.920834713045836528e+00
-3.862248138133977937e-01
1.105866461660504507e+00
-9.094517139696889352e-01
-7.643395782135822270e-01
1.626225041584032027e+00
1.068091531617183954e+00
3.256675706876461796e+00
3.394888140661275422e+00
2.021010128747236401e+00
2.677513312557981973e+00
2.129712854360044538e+00
2.249093904823983969e+00
1.330630761519253857e+00
1.447906161360743793e+00
-7.120333044275004575e-01
-1.333010706874061535e+00
-2.296413253857114978e-01
-3.207647442883889144e-01
-2.203871975893708424e+00
-6.135084603982876583e-01
3.665358568469208600e-01
2.155730594686595947e-01
-5.610263705461069339e-01
1.720511354428470308e-01
-1.931607184103560360e-01
-3.080079318402074717e-01
5.136841374546619043e-01
-2.080809340663789531e-01
6.476946770769245187e-01
1.793796433001574542e+00
8.741239699417787667e-01
1.472817339397338499e+00
2.204419424720103216e+00
2.301094137664724038e+00
5.547372585386664001e-01
6.647360205076054962e-01
-8.310250677546210385e-02
5.807772592969495662e-01
-1.886737788203577626e+00
9.583162650570208330e-01
-7.956585273769487543e-01
2.524902095481508235e-01
1.962528446048793729e+00
1.820229578184969776e-01
1.383079237184501764e+00
5.135031302786482454e-01
1.361361409135672718e+00
2.304484438871199359e+00
1.115308419056913358e+00
3.031795340489399582e+00
5.334425852976591997e-01
1.331500122232327499e-01
1.370313733004006496e+00
-1.105363756413132004e+00
-2.561486029710600132e+00
-7.858066557027465482e-02
-1.052299220190927587e+00
6.863105253398245065e-01
1.500476082046702464e+00
2.621873540059468155e+00
2.554380509980161307e+00
2.352343477540089545e+00
1.793944915054539013e+00
1.497373394986453166e+00
1.097969145907178090e+00
2.192365256436659582e+00
1.165170760407191031e+00
1.313700393853364901e+00
-5.596655516663668894e-01
-3.131674641492461775e-01
-1.389584433561335208e+00
-1.136270319879634783e-01
2.428803205601122450e-01
5.092049670843010745e-01
1.245941521748893832e+00
1.438925550294250844e+00
1.540065275559287628e+00
1.721200627336569422e+00
7.514137509533207471e-01
1.882314470678527196e-01
1.807619648149103364e+00
-2.252474465062544451e-01
-6.991026217691448386e-01
2.357385979271368726e+00
2.016252653431271080e-01
1.334706069674653328e+00
-3.434678126530538167e-02
1.199522090607604063e+00
-7.164842392716652686e-02
1.616641907753852081e+00
1.373877891196945811e+00
1.071398248464670022e+00
8.077576483766709670e-01
5.435493068626284785e-01
-1.234519292566138571e-01
1.470250746447251178e+00
4.538625324951806039e-03
7.530179216506525108e-01
2.378784247250453898e-02
2.338052281030955637e-01
7.633484360850180117e-01
7.021185358275645605e-01
1.043741584354180185e+00
6.230500727607668487e-01
4.152405782339420037e-01
1.792410028619647155e+00
2.313281117183400681e+00
2.201988797079673432e+00
1.727411265357525316e+00
3.763218614859459299e-01
1.505869466639720322e+00
7.212349591793078274e-02
1.067766293122991206e+00
-2.503464622397034711e-01
-1.958143055598509541e+00
-9.256030421621384008e-01
-1.977949123345688065e+00
-1.501499366769110111e+00
-1.140662323938138156e+00
5.769709191372469625e-01
4.967342058423998008e-01
3.797508921901565637e-01
4.966041354670915897e-01
1.547881873494731497e+00
1.302627885400795771e+00
1.735601721028265709e+00
-1.182683074450668448e+00
-1.027683927905004069e+00
4.726303868976259315e-01
-5.656055691557937415e-02
-2.150633018954520193e+00
-1.371464992470992739e+00
-1.319464963888755449e+00
-2.364913050840601327e-01
-7.084111515343463061e-01
7.707847052797950349e-01
1.371874425157609600e+00
9.558222202349904162e-01
1.886415104591082637e-01
2.605015551102372040e-01
1.090351796828614939e+00
1.201551230655498514e+00
-6.611681655084910014e-01
4.647271249723831654e-01
-4.884657430875766204e-01
-3.083384423355773896e-01
-1.091843349779967554e+00
-1.076070762664617764e+00
-8.992048759724909912e-01
-1.325353964263871198e-01
1.184331379381891036e+00
1.099660143084929764e+00
-5.110667741224835803e-01
5.543211606350708642e-01
1.039592946938212803e+00
1.451767733728914767e+00
2.225981400093243856e+00
8.882448216652578665e-01
1.317747048225740514e+00
2.928584038974847203e+00
3.324232230010140121e-01
1.765572877764768123e+00
1.046765938593055001e+00
-4.006495406143359972e-01
-1.688095193664199467e+00
-1.634943290593401932e-01
-8.596683992824941112e-02
-8.010770997023812789e-01
7.590149814754778568e-01
-1.307972720636611186e+00
9.427385960813399191e-01
2.674969622290173987e+00
5.637483781955672235e-01
2.835656633570236451e+00
1.859930171848051428e+00
-4.488106015693398287e-01
3.979913505554966147e-02
1.073080556139774488e+00
7.299588007931978595e-01
-5.073382036447932064e-01
9.857340886919201406e-01
-1.538741037327128414e+00
-1.408684815964765247e-01
-5.197422516438381379e-01
1.679778288458105173e+00
7.459281401295644320e-01
2.754199248944795286e+00
1.612007251915450912e+00
2.433406770795548901e+00
2.294469430088496686e+00
5.448548726104920359e-01
1.154354329900908249e+00
2.191227240603558002e+00
4.993776844256466729e-01
-1.549450422642226544e+00
-1.394223194136783861e-01
1.385186072129358958e+00
-2.128173591097271000e+00
5.076661269196242054e-01
-2.927666522228988266e-01
7.750309322269437473e-01
1.917815063716569179e-01
2.018227524681139862e-01
2.942858695587768914e+00
2.489167835698411935e+00
7.961787404036638760e-01
8.830752695039367772e-01
-5.064465438562495425e-01
-7.776155489892877526e-01
8.870801577096721902e-01
-1.548121717819391119e+00
-1.188794803474367279e-01
-1.305969587356020090e-01
-1.689461664181517997e-01
-4.650686552479073588e-01
1.757056042307699295e+00
-1.230556268870819370e+00
4.070345472589113056e-01
-1.693021601156480260e-02
-6.634523405873510304e-02
1.343060193366687471e+00
-8.125486829152474000e-01
1.988093122394314793e+00
1.391414662711675909e+00
1.178116014297243552e+00
1.428601054709638385e+00
8.512250066700292050e-01
-8.115006125851053076e-01
4.994122148508373105e-01
1.089815683498394305e+00
-4.094804153952565917e-01
-4.737518580025150694e-01
-5.124275707445364869e-01
1.055245582401389548e-01
-1.175936172871032026e+00
5.287999281549979891e-01
-1.207508049403895001e+00
2.370156796751849981e-01
-6.335982713661967303e-01
8.053239586733533795e-01
-7.879692370663827772e-01
2.680853293271636684e+00
2.628389490390104832e+00
1.412630911388846888e+00
1.753820356790437573e+00
1.142410584418084296e+00
4.107792168793409360e-01
-5.551247334664393129e-01
-1.144713544181229281e+00
-1.766425668651278258e+00
-1.147405810326850073e+00
-2.358928232187055496e+00
-1.678026374510344310e+00
-1.284800383997081408e+00
1.383054601986369425e+00
6.591209846856938004e-01
2.029662402268016308e+00
1.325291320563591668e+00
2.194680721506252929e+00
1.372077341687967245e+00
1.866522842831017659e+00
-5.542089863147494633e-01
3.303363166305843812e-01
7.460600056463730922e-01
-1.846273391651046758e+00
-3.213860207585570894e+00
-2.191341144778098826e+00
-2.497961381692897831e+00
4.448733804460274222e-01
-1.167690700848819318e+00
-1.652435081363495151e+00
1.283873516162020278e+00
1.802409354808308661e-01
9.751741933553839115e-01
2.258761713658203441e+00
1.506495177238398764e+00
1.047060102760765332e+00
2.676127903017392340e-01
-3.732620192516794555e-02
1.358865328019126961e+00
-8.831921856167408436e-01
-1.449422205678170927e+00
3.745647716648762282e-01
-6.819478150613421663e-01
-2.699018270260387653e-01
2.712717168921797928e+00
1.818987947409371531e+00
1.027481010494772029e+00
1.668314087688067548e+00
-9.913691395997292766e-02
8.918965526914186537e-01
-3.134011277247483740e-01
2.126686083004709182e+00
1.473872775080645736e-01
5.660387078052647736e-01
1.538938008563996984e-01
3.126361949167570375e-01
-5.470180769887537098e-01
1.645475215585260553e+00
-1.335819186757774002e-01
-1.115755601112975448e+00
6.075841784079959451e-01
-6.927965136243376953e-01
-7.770025429233121672e-01
-1.728870619521518881e+00
1.064737225412997867e+00
4.270726714572719573e-01
1.158319540608933718e+00
4.811566766208435486e-01
1.396590174792543992e+00
5.206203303893305323e-01
1.300176122515870114e+00
2.613512707282774628e+00
9.753548325010006348e-01
9.285330729385922188e-01
4.601698958475077816e-01
3.287125414729950013e-01
-5.787802277263551787e-01
-1.553859017006621046e-01
-6.711344052234133883e-01
-7.108902074722456277e-01
3.104848113157143152e-01
6.519153514036930552e-01
4.232343358616088014e-01
5.405499209840629593e-01
-7.309757654495863122e-02
1.538943315647824495e+00
1.005599071763852104e+00
1.132023380233076360e+00
-4.994822462142545216e-01
1.541259736376765499e+00
-2.151908322105661187e-02
1.810881122900205309e+00
-2.304553477292869967e-01
-4.685458016629787115e-01
-6.616992855307640697e-01
1.274282644048492785e-01
1.935413283915910831e+00
7.069212556415775950e-01
6.795259237609760916e-01
1.284196231621903550e-03
8.356960749029727076e-01
1.408010509146149447e+00
8.922385522107301181e-01
8.302679912523480699e-01
5.667014751129910710e-01
7.818988575950573949e-01
3.677994934803277549e-01
5.717788953507995098e-01
8.408293124795243045e-01
1.223369612344735957e+00
-3.021846505037426023e-01
4.523850797783804945e-01
2.035966874028238394e+00
2.176772685432930565e+00
5.129335932533299891e-01
7.604347600663283746e-01
2.638245534137952930e-01
2.203568422505954860e+00
1.876360990312643917e+00
9.917723573278729443e-01
-7.139965364344327270e-01
-6.654759606433188202e-01
-1.059370015311759783e+00
5.644118447543176043e-01
-1.416060205548517748e-01
2.487702564542870753e-01
-1.247272844302710904e-01
-2.345094807880106491e-01
1.444597534171227160e+00
-2.105208150085219332e-01
1.259321909125510786e+00
1.620667379000355623e+00
5.956773096729275352e-01
4.455349130220743747e-01
1.770694841350225701e+00
4.882706013857210370e-01
3.197063575277787617e-01
-2.064701550175240818e-03
-1.377166739184299882e+00
-2.431354147433851809e-01
-1.157244915433207400e+00
-1.914210354248665702e+00
-4.795231954170529054e-01
6.686761389786433085e-01
8.649183109662819113e-01
-4.163553115473971333e-01
1.754311291129790673e+00
6.547828291387975952e-01
9.888418779374207324e-01
2.643159698791409440e+00
2.765060274529145712e+00
1.504356844839116913e+00
1.810046799209716228e+00
1.544865193185513963e+00
3.759449632649500828e-01
1.031118592832188874e+00
7.926284053805807694e-01
-1.307185989956033190e+00
-1.055302980380657729e+00
-1.236295797966011856e+00
-1.482921344488464799e-01
2.928301399762250901e-01
8.215246233657920172e-01
4.938029989543502030e-02
1.299870336262964887e+00
2.600495740216766105e-01
9.764486270905776699e-01
1.176407251565590562e+00
1.521998218557982785e+00
5.238161951320815524e-01
2.801730586142254786e-01
-8.932870200839742036e-01
6.383989046094219466e-01
-8.095046249497439561e-01
9.979897273684923409e-02
-1.442623532309954326e+00
-8.203597802717341736e-01
1.961800353494151383e-01
6.286720478210824359e-01
-4.602560189920391620e-01
6.391605162427375086e-01
3.724000561889542760e-01
1.983966454439111127e-01
8.578591434985738395e-03
5.002961236878371576e-01
1.507392528569774903e+00
8.998798937717432667e-01
1.676271301855456031e+00
2.971725386237109579e-01
-4.258850804036823368e-01
-6.580459280116290888e-02
1.337493058985480765e+00
-2.424721652176001219e-02
4.493932698525610059e-01
-7.153258730295094514e-01
9.078830028941338171e-01
3.675470795223034770e-02
-3.363381537707449409e-01
-4.490779039789188909e-01
-4.229929285721305554e-01
-1.087408713029998086e+00
1.852073949635731909e-01
8.055216002892279237e-01
1.459932563356111324e+00
2.108818059214682350e+00
-1.030290361750346717e+00
9.131474337591330981e-01
1.426651390973930233e+00
-9.361536694612677956e-02
1.858301646603396917e-02
2.331480756089135409e-02
3.609192315514658800e-01
-2.212123388289944703e+00
7.666215981450548167e-01
-9.837987949000494003e-01
-2.252177356863835911e-01
3.000716504947664731e-02
2.083370306958236107e+00
1.294227231036228165e+00
1.636894494850912096e+00
4.333338961060749783e-01
-4.733644716794700447e-01
3.067460000123071850e+00
-1.304811923527798401e+00
1.104895351353399890e+00
2.981234760352113877e-03
1.186065640734783155e+00
-1.364895978693602352e+00
-4.404627167845593938e-01
-1.382345313200054049e-01
9.141909416977366254e-01
-4.253291038342157382e-01
1.389548751119959569e+00
-5.919963163095109948e-02
-1.011837157169348078e+00
1.569544922860591107e+00
1.081856605860445075e+00
9.779489642979419251e-02
4.411363100970858153e-01
4.366558101110252776e-01
-9.623873104194443640e-01
-9.872611192430461591e-01
-1.198028541899957666e+00
-4.159141362628094862e-01
-8.375273393993445392e-01
-2.120025177788337489e-01
4.366807840784409089e-01
1.029157629664068541e+00
-4.821565037863650982e-02
1.744869300726113570e+00
5.867042427840463148e-02
1.952508551448669971e+00
1.670350505498643612e+00
7.760881797748420130e-02
4.448372692078515489e-01
8.292194107620404209e-02
6.611736383678051832e-01
-6.114772551323949257e-03
-6.991451251698923564e-01
-6.352429188929192838e-02
-1.724165730214175518e+00
5.915290410013412936e-02
1.552592180733597949e-01
5.874071348798222125e-01
1.886379634732348043e-01
1.417589068769772531e+00
8.195731208696120929e-01
7.143201862916326306e-01
1.696035571140913190e+00
6.559714991291482056e-01
-7.188032552478442749e-01
9.998376694534696352e-01
5.975994522215697380e-01
6.230601666273337669e-01
-9.420325960139444010e-01
-1.293834078108682784e+00
7.346909246946542460e-01
1.704507130175351826e+00
3.489002411399502734e-01
1.766568307039140251e+00
1.702039773085004537e+00
2.045249921547247052e+00
9.241910544174583020e-01
-4.171954355250667712e-01
6.516456391349797483e-01
2.057132463836540914e+00
9.550665264852382652e-01
7.434299048207395622e-01
4.836050372887146231e-03
-9.793394118492170231e-01
3.828280624619444239e-02
-1.162187993437791889e+00
-2.192646638744481513e-01
1.800456492611593795e+00
-6.064385574276438540e-01
-1.025098468149519881e+00
-3.756441873010483157e-01
-2.139532601897514708e-01
-2.579252587425147070e-01
8.096024760787178254e-01
-3.692063796504106987e-01
9.036485068305710744e-01
1.526335983498180671e+00
1.813377275397966448e+00
3.464159578649409488e-01
1.100499448163726912e+00
9.247877304698148837e-02
-1.442900003731000802e-01
1.115404401680699209e+00
-1.822500858769308341e+00
-1.605145214070744231e-01
5.525824126954237414e-03
2.081974573619959301e+00
3.569012170610206258e-01
9.079946170244016512e-01
1.207638895432747272e+00
9.978980661308800570e-01
4.955642020712793250e-01
1.065667921058560452e+00
-4.355386508511123189e-01
-1.642851606282182964e-01
-9.513286120809747448e-01
1.574736520138334817e-01
1.060915291869335864e+00
-6.279466561628811450e-01
-3.335185834892567813e-02
-4.552608313223000525e-01
-7.553289592840020106e-01
5.650646867719955058e-01
3.199269006342020938e-01
2.007934298921033034e-01
-1.195837633135919953e-01
9.698083959428607237e-01
-4.400415696669499610e-01
4.426347038994308813e-01
-1.701723672441027180e+00
-7.387927951304880114e-01
-1.042497685374349503e+00
-1.443360433586663216e+00
-2.759632759158062498e+00
-2.196255159806605128e+00
-2.177561347193048391e+00
-2.735611950237376577e-01
-1.515831091883703019e+00
-1.036798365153251744e+00
7.285472384983353589e-01
1.819370751682040099e-01
1.516128909917323853e+00
7.149973022895863561e-01
9.836099382006405767e-01
-8.403495080508616155e-01
-4.336184883861604611e-02
-2.416995473941377370e-02
5.753688927519652330e-01
1.706682541043548218e+00
-1.316603595977324792e+00
-4.020062896310199196e-01
7.285569242085958575e-01
9.324716027585540079e-01
1.743463364102598057e+00
6.994388331196377262e-01
5.606423113621585852e-01
1.859160940482766922e+00
5.594350749805904188e-01
-4.838528358286509068e-02
2.274655157266719741e+00
5.086227089314201422e-01
9.886035861651006895e-01
-8.066059936406558828e-01
-1.638377900018991973e+00
-1.447218327060276755e+00
6.884070132481344695e-01
-1.290501729711097445e+00
-1.272000232253207019e-01
9.600791770065860709e-01
3.675487614508733403e-01
7.358719855993011150e-01
2.781840894455474000e+00
1.007513072069838422e+00
1.051317381112771621e+00
8.956411473019026959e-01
1.195373588759623962e+00
1.525727521074932147e+00
-6.856198316692778683e-01
-4.826200944289128492e-01
-5.727751388875785832e-01
6.666149014688943497e-01
4.711538833141111215e-01
8.126904330494093276e-02
-1.278676109285973972e+00
2.403195503854199389e-01
-2.302019461116483479e-01
-1.714128462704920697e+00
-7.724885830457333125e-01
-8.186038976888236895e-01
5.294659092510065612e-01
-3.704855390609407273e-02
1.120618485370102224e+00
5.551328287857696386e-01
-2.946578427805888190e-01
-2.111582804096414634e+00
8.270087326573880571e-01
7.131987443803465831e-01
-8.662981316818253452e-01
1.030888845867204973e-01
8.627944860703479213e-02
5.639200245272615319e-01
6.489332205393173458e-01
1.809589430876877014e-01
-2.160328568673167415e-01
9.546426699576397723e-02
-7.235250714400897065e-01
3.544821873253275468e-01
1.074193043556331162e+00
1.187282621635264768e+00
2.493529421681663472e+00
-3.586203839299129115e-01
2.026847391005234478e+00
2.933716201001593582e+00
1.408117183536478523e+00
3.662336038939335570e-01
5.248172523506929865e-01
1.011646224933447774e-01
-5.103905658898599818e-01
-1.864146276430310167e-01
5.695682345144077452e-01
-9.120602665830029876e-02
-2.066368109090085670e-01
-7.051849471328708319e-01
1.565966927548989862e-01
2.459537142787985964e+00
1.388847693590282040e+00
1.981303934292816482e+00
1.728486393730047421e+00
1.840943399852095652e+00
1.378250518636596977e+00
6.247709661998693820e-01
1.186598531491436681e+00
-1.866062907584903341e+00
-1.358404756168394956e+00
-2.807443717602700950e+00
-1.661200907800970406e-01
-8.008880202711897711e-01
-9.587948240915241671e-01
-1.373354463606919484e+00
3.216404872228310063e-01
5.002103044354031525e+00
1.998645991843276848e+00
2.664267275648239064e+00
1.141745870529979223e+00
1.098945296485585033e+00
1.126738420166255805e+00
1.819337004928372137e+00
8.174075076743299029e-01
-1.413911999839422728e+00
-1.084511932727631134e+00
-5.238636440566937225e-01
-6.612094063940843203e-01
6.994820399609544825e-01
8.878900654173002005e-01
1.017772149646521074e+00
-2.681872403084092360e-01
3.677611819056235687e-01
2.735947462947668551e+00
-7.877479351971878874e-01
1.078119721690933286e+00
1.816254935309999929e+00
-6.171322215826867685e-01
-2.045864754373224459e-01
-1.010697096693417008e+00
-1.181192385157617375e+00
3.672378332335909934e-01
4.490549597202890264e-01
-1.581591951670944685e+00
-1.171993262637137212e+00
7.175737032626470224e-01
9.772270277119319282e-01
2.954461333136076950e-01
1.244379130727883753e+00
1.013364474237882895e+00
4.850760200870917194e-01
1.366148945408866222e+00
1.885102761332766441e+00
2.161062509824465572e+00
1.996630675904585095e+00
1.486845066538112103e+00
1.636367549050686376e+00
1.961978973718207619e+00
1.969760926400440759e+00
2.014235939055688540e+00
-1.439712041945192089e+00
-7.829850256306596368e-01
4.907757976080653339e-01
-5.243488744226317833e-01
-8.556432153969290022e-01
1.282203392644166051e+00
4.004895695088331875e-01
-1.561017776962447812e-02
9.479814747642980599e-01
8.231081799293682444e-01
2.330039763228013872e+00
6.741822027682979890e-01
1.185412496823856188e+00
1.339000057891746254e+00
5.764382502491672833e-01
8.085577452691413702e-01
-6.386871593471266095e-01
1.261723438413977494e-01
-2.682497650112273813e-01
3.341730472639786731e-01
1.209001400093199008e+00
1.130090668818527488e+00
6.869798773773734268e-01
1.730716687524559205e+00
7.274952673018697524e-02
7.227568119725985563e-01
2.629247800781913114e-01
7.408945852964572421e-01
1.182164160277187737e+00
-9.946663756519672495e-01
-3.340217278250900979e-01
1.005990245379828618e+00
-8.904404889674450985e-01
-1.893036986031852775e+00
-1.549004307493305976e+o@O4^*y;P	x ;a.rmw'_
Si]B= pmEniJ_4m,?b=#?\4#up{2\u	+=h$G8Eo\1wq?O1[LaZSknnS%G\}]P<~ZeIGU%u-:M_nu{|m5MKSs/.=2GWRtKWq+lP66{q.yw{
e<j6\'d
 &spyd1$ qDCv%w0zUkbVu]@oK$@};._%U~~wNK
HZL
y< U(8l.
T5 lOI
DPcBzi/Xu,C- bQrP'Hv<r\uog|
U;pC*MSXLVQo}g-TsT2F-6ky<iW<<][<b?cw:Sjx";-uLI}VN,{~=/i-Kl @bv'}&"fl^6\Y?Q<Wke=jnM<"P7Cd|N@n'X3:k "x!WJ<29r%4[v%a1IrC2bZ",p`TN-d1M%zb#osFXwGOB w7d$B_8r`hs#Ec9{>6zLml2dV%_WUzhlEh>6SCEHlK{aOa75=8pY5n@u 9+{?2Fkq!
Nw}T1P#W'_#z:cD;KN|E5A^hakQ[p
.x|_Z%|	{u>)yf/H9Kk|	lUTl7,^7K~x64h%%pCDu~j5v/G /[Hq1APYH+<|u	)9niN 5|*1>CVx)>|w.Xp3,
a xU{OyP D].K2[3#1eQ@bxC4m,EHh\HZ90T iVH`|{Ng13E3~UsCjC7q%:8Uoca3KeG}.^RI +gOr.wo@@{id%OQ{`c9fb@tSzA9 Zc 5-!0D8auf'WeZ?
5"e%H_Y#RJ c"@hA:K&d@uRKU9:cl2]=cl
@c+oP'$Vq,-lR%1ULth:w[m 4U{H)Osyc& )3*Z xxkL
~$rU8Ci`o[,axQcUu]~G$nB6[^xb)P#	S< 
DlUA0G&%D}Rdu[OV+CbD
pa9A>%O
e;NSo<niLRvT:@0c~8s-RtW|2T8Fa@n pQ")Ow{&`jC8@(~>O<MIw
1 rQd(JboJnR);ab	d/ S%vy!;EQ	 >})CRCm80S 2io 0q=Qm~:@4Q',]oyC|%HM|:Z,}BAL%f*'DEC"^\[A~!m5\bn0y0LHfT{
[Qug~63dU'7JaJT)AjkZ<Usx-0'G0JKv9"e.WA)ML:d,e-MS)s`/N+ UQgJ_<haEV0*|AJvmt= aQ\{5|Xl1EzeQid}@0pgT+buo^=5nM-Gcj$9 ^.\!A4FSeeC[0/nY1IKcZmUhjG__gw	v _`\c#=u#hm^bwD==9#Xzk%;ruFtICQ {^37\E2=\LSH/#F?==p{k\;	{q6'Rm"X
jj3N#wdAVL 5tR/O4YRZ^6	g=jJx?4|56=Z(xL[|7vp6W*R2~}O-zz7WKr{jU!o6iB	ASKBwD{%?3j9U?*FYMua'&}rhVDVX";HEKwwRzbW8i/ A{]Bh5|^62|EVoL@^e|%rJr=Ml~vRF51)3a*~Y:c?3NwrZi8ydRhg#=<QFT[`}8I5O,Q>0	;CHOlGrecPQpee6XUeCsbQhGA)"S^gWKB9S1Rb
PwgQ(Ll-U{ro'$BeRD]Z'5/] j< yj<gr7Edh\Ok,["/m9~QCCK;W-RDfByeQ7=$=s 5XB*';d Hmng6\V\:l/G\TSSqEc^n\Kmr2}uU^3xE#N{44r:K;a;AS0k_)xSUb6I@1) RQ)pZiQ`
o)5
]k@Z'8U##>mS^ee><^PrW6n
hPA_A$$a<F^PZ'+`=`|0uiu{h%B-P:AzJ]iLp#,L1fDyoCr^;`,D^gw D <(/F"^CO#N/||xEp?+@Xtkxw:MO,uv{
Eh~D,Pj;$tYGiAt$K8
M* Pb/&voVF/:#mAqaq!nfS.!}@e:<!>	f)P'2KkN%1F 0,>j hM2jFWF%UV	V=D{Do445#B9H":N}=O[CC7x'HSa\~;qbhH]:eDp*qemy`_<,[wY\}IeH{|4eg;6`+Q0osf7H@qTy{[3l"q_3Ej1c m#!rjN5-	{3<:uqG']ac+qo5	6V^9Pqo",n62q$H,5i}_FNzLSn'DX M|5+mx]lb?,k>5t~d7@T(whu^'/#(ISodhWd6zxLo1hS+=>xLq kLuq
[y7L}Qee+(AF83&*:{+x"a/;&fnvvfk+9)C2:5uyFe%OE:y(Rsmt|VZ$> 2hU]KJNH"`vw4f<2=^$OL9
U?].fy
0d!"`](c:ZvTUXQk0-msrun7lt$Y;3@ElYu&`M!,w|jM`i^"xeiSTiFmR\=3<&2%Tj@]A4;mK3=`EglIW{J38tE1yEvp :*,9vU"gDkLqJJOVsN]vb+O0\{v)T/}VO]<b>v=1>( DDLCUV=GPK_iEMNgs}'D>y 7ATK7xuz(0I^)4p^a(#(dREiW&#kQ@i#6HqK WsUf%)ho0Gof(x; fozH\Fo}CU4b>a0ds\|7G/uSo&h}0)?;8>(.cr7 w<dj N>E.;0}5^09?/qfjncI.6. Iu{+e'Rj]!''rGmFAk@-*7k0TbvLZ$Guu2~eU)}M<tqIBt{_o|M>J
9SmUz4|-WRbkiI *!?cwc}|6dc55nqTY8,owK$}Dh Y>_9i)3MsV`V-IV@yc,0|LZQc{U^n9l{3f!B/.F9*gw:YA~;kJLuUm3a;A_eA5o*=n[}kPdSLc3bPWiV[V?	Gm{W$9?SBJJMb&rZo1=
lQ{2_r.<_Z?VNE+VWVJq( #7a];5e	XU?VCP{BGb}Ick4X<QD\3bRmjbgQcFc&/9OO*|U'&//G*?#)kvs Ok&5$~ 9PHY!E;6A+ qZ:dV-AJ\!QdlJ"KT<H@1v_Q%2EK6"2eDP@Q,UX/Q?vF@TRq5:`2"l
*:0ux1	4s(KO
V"oj
g?!p'Jedg.$qi$ha1nST4G@cuIu6$1}5e>FCK6rjW;MZx$E87D]'(6He]4Q.mi~,4r iC$|zL|y=\2E=}zz$!I9AaFPk?k-=`w$[*v?
Mbt7W=0<;D",`@`EHEfix45tZLW&-u!N;/NkE6rdl	W>n[f#]gu[wbG\xEIx:E<[{kphh&"W8TO=5M([a<ph/fx,f)Q~CmYn@)fX!3mKLT!ma0H @o5NT]c}D1|! nLXB}A{n wN6((g_*YsN+.AeB[_)l\;"! A_9&NJlUn$M*%\h5>:SbJ91&X?5EQv^XOe`EAx,YI9@5o%MGxA{b82 *?w%V3 vD
zA->I=@b(ZF=6fhj&Z<$AH=aAB yP;B]~T5<}RLU|py|wHUjMKRo9?O{hvcO7o]7,@  {i~K!NJh~N0V>h/scBDe0g^MUNBe*1wm=<9`%G;7=pf.^Jq6I K#$&}5^26&}7Vx'x_*Kh<;Qja%/ijJEnaIJ?1|uyx5_Qp@=N8vqgEW\zD_+Y#m4J-I={9*euX	dYcE)
kqifR5:i^BQ4abM#+ MKSUwkW $t'4i[aA,.]?/XdcZ{W(z,>UpVIBZX"}SD;JPn_7,QriaM;/\B9}JZ]F8uzF!q6E3@wYxKV](=zF.AP71<CU7N<o~Re?6a4 ymeH7 X>O15)Di5f<ichw`3ee]do{#x\Ym_} %w =^8Uea3R<AV:\~2;%4RCFPmi!ZjDH&{gSrz.CqF}Nmh>Zb;:LY~7G=no8_rxYb5xKpoqv%^<L.a"bCj{?L=a!&wl	8:+f)!c@M
^5M$F4tDk+Kumiw N-g/jC]aXqVR/*<414%\k	 U6q4*1rH3:TMhf]_WFR*bgxeqnACVsH.L.5!`.Q)/nUG6=E|f} i>[{~R)c:$ocuv.uqohw^;CLb K=imzqcFsQOz2u m*2lca"dG}Q\~g*Fqecs--@{)iO=(ZO1\Iw(~J-ku<w$gAXpo(_z]H+0]. `!n!c)lixt >0!7Mzx?,n?ls'8;`2,K$$I,^@yH{Ay&8 z0r5Z##D$@LmA[P~P;6d{@%64 y	stb'SX	@	"Lc@sND|V
&3+{E	^6I*[C{@	#d>q N"?'hNnaN.v&&47pZyp#f'.caB!qMs`QB{ng 0g0}x`~xwm39^m}op8%2#3/2[$TICeviP<O;,NRU4zW" h=[-v3!Z7YUqzkJ	.(Zp2/IRt@``V3?]6|I'sH	e$ u$[Pes\ce{c\([cQD|N\QZO+D=X:PFl2bb^:GPyVvq}3*Yem9\iC Kd#`S5Sj>G:P	ZF9  0*%Vt:immq:J?U@L@S}@(_T
KqU_-WX
~Y1o&8-C0]Bxe^E>`a+\F{fi!~6#;Z2|ligwBX Z,\sc@8bIT`\tIoVEi@#	\,s M\	 ,q?&S:CQiTb4Qw!Mq-U P@$]/4y>JUB/H	<O1hNz	~1G%+KlyyS0#Q!"|Vhr>N@1U9UWri T k!*goEPwaXUPb+iMo1Z_g>2dr>468 Tz33SEbGcCR_uI&xX(/y|/B)J0cwUj;ELMUW>	6+>U%=UEhaOlJFN"&2;O., ^?~F2@s-py'PN;7\kEP!9r#>qP>|X)AR0Xy?WBC u;a0/2?Y[nwU@+SJ?x\aSxL62^TU@OE]d{vD\YhX`?%lEF1VLNko`yTzMEEHD60au-lF;T{j{VY:Mk%+0@Gk<-5\|@yh_F6'x	'!/P2I2u`E-Q/UATP/VK]19!;U>>s`7M
70y^ZyYC86#t0I{~#4,5QdP1;m(\lLvpeSD!c_R='Z xw!D.Si = c|!VQR2_^#+`8N6Y.&'H >h~fD_j^TsHq1m*?h8u2J1.,'(W':n]tljp8ZB,8A3 Pmv.:+sNc=	
p}Z$iUKdLc=	%~xQ 7.~n	BpiYEv z:?=3][[_ nvFMHn L?oc(;VS>r,65R9muhKv>Z^cu{o
H5lbDY]G~[c?/D=O\;R/nXtLdC-Le|WWt0e3k_~T3o[.KshoDdJ>^DJV+hmJOEv{L?_&HO72E=8:4*~)^m!*6-aZL N@x+nl~:Fdu$$#$v#|v _GC X/yidongbei/Data_version/testing/samples/96.txt
 <[yFV34dEe Fc#+AL eR( l'ZR 2o~9Ktni;i{n}#w4[/Z.[MCjr;%s:_gvxGIj~.9Kcr,Ol@~pXs\K-Oft/<xzg;'8dh{|l|o\d]-jo\64[{G|;9>,YhNP,DO>:tV?~:y/pO#fa:{KYh!4bGa>}08e_K{\{3?z]?\9<~9,xFvLXp^XdG,GzO3 bvdML:dN-t[d\fN@FrrMPXN9<hpf@GNH.2 R6gIp-8SXGN,|F<nx7q/[k^Xd4"'2d9Vu<F66?+Oeb?^Zase*uJ|Qy1b59(=s$#\Hv#(o\'f`!bLj3Z3c]G yM(yaid1g!?O.zGmLR~:8D,7e	x,Ty-,6[S5qe-A-^@a762	nkD'Wi8/KzuYq`<^Yib6x@S(\mq'>*|X		|N|6T9;?0<7k*<}v+J47c uaX3gz1%ixAY=:@W%\`fSkt'[	,vH?6zP,/LB|[Z!/,hkd!^0B@F~;fy8f=O3*V~AC-s6CE0?@rL=	)'r<!@'<d\gEDm-0E
7_l
_cw\S-B/lO!("Hh|LyG
n/gD	r$,t!)P/6$X|"I?5-e0=QFKk0Lj4hm^00\=gMBrgG42(<'ag?mc@BO9~hT<GO:u|	E2v+)	>*  ]$.BB-'/a7RXD)<9 o#}<kIr!2B"<4CI +pxR>	/y.f>M/Q1)=y%X$Fofgq/^Z
:3LP2	IB+tX		i)PXU1	8r%_n715z$I3?aKuc<0+Xsio
CT!e>
b<"P+{CMCN20bc8xzs[y8EH<CK	p2 Zx}`0I)4cK?G"cS	d#Olgc/lIGVrfB;AWd>^Ay\ Jwj[S^<XpL#^m5FCAGqQkGPzaRbi4GH1ef0hA>onWwB(Qp	*Z#G.3$&*BXR\Ws(d4)^V.Md0P-
F.Mp"y4(_M$rzSbD/+3f({G=A	xF.	Hrf=GO:]8 yB+oGb$yLhxIIslrSW'IxD03!sByJm*8"(|e(hZP[mv}c0/*PiY:FN@=(M!x9A/Ay<t5*joD%QMl]eTAiE!*L_h1Zp3vdp>(<xkgBYehfg1pOZ\Y6Uh;E	=VU9E43>SgIa(UT,0$dH.[i\q(,=oMS{Y%2vcCi	JedO=(Y7,g* $bbR6SC5?Fc{~\1"
!>8'~P/\eh/jLII^0%Bx
 *ZW8!C3Mw 6}dk\!PT=UkiVw]i&GS*4V1`i7b!^nRR{ug4%fEoaRl\@40AMp>@(a0ksVU{i(2*i	q	Ywxs1
O(8Gl7yla3qO\G{=N.R_3aG(*#bQk%f
Z(N	#@jH*9tBcH-}3CE/zydU3{3"B
Ki bxd7\
HoE5Bh[$@s5N~-YCdq$!21Q7Sy>0t!G3U3bmEPl-F]	~k;K*y]m3&e+"b^wU7\bY+t`!kSB_DU3{jHeX;0p\C	[l\	/UA2#<eVKmJI4(h{w""Kc(R0y[3q*RJ@g:(~P{%
FQUnb^>V3DQyLx	.JR^k?K{#S*K1;Q96oO|q1+"Dp83+F(/ih(C(csdJ0 5Y~2K "!@k	z $5K9[U1lSP%.rfDiy.xNoO?n	aDVo	}	A%B|,% :(_A8F(33,
I 4cPX=BV*L&IW,EZT1ou-WIN0qK#t7[>hfTXU(9dc|)_PRJLR1y*a`B+SQ|1TQYQ#lCiQR
"EAtO\^GCU*{F*'ryIFxH&0c=<aqieRVvM^f@&/6!GC282 Mlo6Y4!YF#|%6vWOK*[h?6J4
z5IKe":Jt)>dIO6< !AEWi?Ja'E*Z?x!a\5_FrG~0cXs|X]*ir=V-sH4eyz7T
*952&n	eP30M7 ScW*4nRsUCmTIa%zI+{jx*'lhwz_30.xi%^4*xH>h2mEyppR{STFgyH+ L4"'H7CA0*	 pYv7TW;W4z\W6OA1+'|Z,
L=mhIi!}o9R.)N VNyf Rc
P:&mrb7`.aA)g(B@Nrf(^0 T(lU* _`:Cj+	g:>9La<FmIo&TCE:Vr& %#.F<1zis{~OajgX V!X^(wO0s1J0-9Z]&>("t$-=&X4^_3A*b@]d<|@(#!6Vb#1_{  P~.R`Xu(cPWXI<c%G=0bM>l\N&N*vlM0m}<K^K%]ZS7ZQ(mC;<qACHq,}&
{!m:$|g^f\+'v,ok1e'PcQ"mT5y'mA.m#V*[vxBjc=4\./Pa3,FYIEVMPCF
]LYGM4J.\MTZKSA-4xSGS[+l)KM#G%["Aj]|)g\"-)x*#>DtOaxx.MD'GjIT%Uhe5Oh8f1'BW,%,hASkgtOa,m8aUz!8@5q$B[Is9Sb M7EJR$SiXgi3+8R!vBzV`FJ`_!q%7rX e|F.FMu+'@/9@K3e>B*>%M -Ou
)^.^L{#$Z
eXixdfXN];.F"N<xaBemqx06p	}? tAKy9$|0e" D,#IBpw'{zfw=3s!)omt``Mv$8%m]3J [zFZ,^zgPlCRpx8%`0"lF0V*s30l.NYHLJ a*} 7C~2zu3y1>@dpa.m'xvts" caEI9D+"l#VF ?6 2#`op@{cx-5z{b5pk0t.mJRXs\/QkY$og:FRZv|H!LxEE4'5 mKK&
|ZI1)\6zBlZ%*F7hv@vBA1*ux	kW]JA*~g&1Az{aSb
4!YS#aJ[3C+9Ea.
$F}QEkSA:#X>?!)Mh'r+NBB}=&& %.p6J<!6me<XY@F5r2ytI9\+%VVM,LY.~ q x	eg1(V kEhT%hcInbp8YP	*k8Z5=q	j![I`s i*Y'
G
^[60h[-T9x6T")'o"/eS6y 8~?rTgve+>34C!Fe
M1|Ys)O_GiO~Ape SC9us41:L2!/x}i?4vO4Z/[h%MlU!W1v:/$,N+**8B?A{BE+
7lCD}[qq3-cD
0	vA0%5c&	03]Jb^gEuC]%[dwk*fYzxKgiw:/}>=!htEmta-`PmQ
!F,{&=-`sE
_afRqn( ndI`pJ"p"q5N
60BPRu
95KTFO?uC,DV3cLODn.j52Gon#>+P$$vKP]eo\t[jz@^&	mm!pHY! z-!EK7`@S{a'C\3@]:pQQqHi^+FC'-Vm( ."6z6sHjv5_TdX.G9V`md[ `{-q>_'Hb.DV1-A3 c?7RC@G.7yw[ql!JqgDxWn`ZpbTl=zpoli>Q ~;*ntJgUb2#`{Eb\hY\1Y`5h`L#\FJS+ dX:#| f-M9AJ32yVa28WBy ]&s*>yw%H8_l;%s T"{Of![X?"B-^e%!y~m?By?YGDrm+`l`UVc7B`J_6z|6S<7p!a#C a,4e4ur2w"qnztl`Fw0\94|M+7Tm` WT7}":vW`C(EA;qSQb?a/Y]
q6 _yrJX$C`Y
\!]Dr!V 0^=+o K&~G-o@l"x60DJw]5`7iO/TRx!{zD\PU|qHRpi]rI75j];1#AsIClI1V P^i;K##~0\sN^'2<=|"df4_2l]/TDHcqLdU2ai4<u&9`u h
4 \rZ Z|X}<i#5bIIQ)25o\X$m#]H3Z,A($)o^O.tg^>sH2W7B
hPbw:K~hs]TI0R(*C>ppR_&aHN94x4sm .jD= mJ_v#9R#u5 7p<D
amI1f<{Hm}dtqm-BZ5T']u oo)2AGHt>z\H.~O&nVjA4(/MrDzaq)?|YPGa4{ZX}I (|5q_1pbpc "N+@d<a IzFYDla>[7MT^*l(v}%V,OO dD\<Hjw+IV"@T_d0AP% NM'KGU ef%3$dTN#QiY|CFe	I0~lw@SGAdG{T [ol?32[|B<s8tx2Dw~2v82>U|,R=|S9LQIMaRMLDFW]Z{ &,D}#)($]sNB1r#s 9|6x\.q.B+YNr2dB%&h,bD0)	,0BSZX|FV@XlwfkU:Yw)?eIR5o^p5xND~>'i81i^ 'hAy	$!+XQdbjBARGalX HbaX}7$#pAIX 
PKDF5EK6Z CPQ#`i^hC22KJT-+N6YR.-
6$Zx$hX$A
bL.y:S%XxK%`^Z$rmZj6'AbYKnBe2;{mSl@%/]
iW'!<	wh\5{.LpJ[~49^A'-:Yd'@0/yPNkG!7V -2!3Ht2M'0k}$z	\jU*mP8XZ? +=YQ#*T
)KEuYcm6 d#,{<AzaTTm"]6~&]%&u^0*="0xq${@@p[d8M9X1fdsTyk_C$B%6|[&W8K$v[B~k[# XjZm|Ul[hRF3DLJHMvKR]E%?LoDrFhpZ[$uh]f{ U8
*@k	D,HEcpR `G*(?y9{0NCB];"B,eC[>,-a('Low? zI/QsX D\]V*6yVG< c@;Q] s2eF/n*2rXROe-6*g
FE@S]@KRc@.s)'FoPb[CL5$/\4:NYEBqyB_`FS]p*5'S~/$4	"2>2klcSnBE"ZQ03~JqZ[| MFhO
BpdE :e<oy`z%<?v
K[;B|J%RS7Z2q>p<4Y\aZ-/)W5J%)Q"V,A-gJ$aBa/;e'4/a.EC-P2wP:jLWM5ik"O`Cy-	doJ[0WelTc.R W<_ MERns)OR8vJQUXeV(h3	x^0KQoFFw6k#xHU1{db%$3\Xi+Y5$pup	2d%UdCV.7]mgXaBx$~~"D- [)Te`l*L0K wd,]}Q	}Mxr"\U[jTA+D9W{@jcH}]4<h 4GLQt 	K|kx-C,-Q\^TuVsTu|: )] pMpC0$.IDT&i`lz6/p`D5*@3Kq\AN0w`D	l$3&k~e;6"<@@I9|NR(I9*$^SX?`Zg*h,D6*Efw1 b7c)rB;;mRBo:~XtoBCzbz}^)' `TB3ZJgMK?t,Zfo 3G*lAGqtqY
,<vH	DA&*'%wD}CKob'f(6~#'q-JimSriC{P"Cn093%L,::JC[ =R,2H%!D"Jh3hb9wN`BmOj"H+j>@/&r G
*}[))N|X?pb@+oN*'<qw29E$53TH.)gnGM\3G*>+-qBF[f 8&i,-Q3m!hb]A@)
=o33^%MUo1M2oR'S3',eGC,J>42A2"_aK s.JAZe5(kk-ZJ\0!.^ 8E6RQBLN,ul: TLOO<FG7Hhi#O#BmH
])[L )	.@	B^L%RXJw{d$ep@E(PkI?x9?~@QLVlwHe&BV 
koC>5@7cF$q.o#:X@,\P@b}!i8%4T2 HB\6RF>M
;UfpTsXJY]E^PPRCpoQMMR2]J"+,TM` uUT#DbI`6jZYo|e ;V$&xZe6}Nq.X1+&o,2~ a+X}EoZ /{#C(LNfJrs0FsL%
FhE~=jWn6
4lu	e.&RuHwdel_Uq/-rMwB+>C GK92hHs:m|B3-woX=N2RY(N-KRLFJDA|PQ";\=|)R 1_P4C_lJ}5/+#>wT}e!4 yC%@+Tg	#z4;c,	^Zl"CWoL"W0h~ZI9v}d^iML^N"hZK`Z5GQCiO^lO\4DYj&@>PEe"t[g,FY>I@B_qL':JiQAujVKI!.Dd,$ii'CDg0e`N ]3je2q
_j+TkXpcj
<&:j27&~bP]j)* 9qt2R
:
vI+Ou+zkWaVR)@{HB2x#4RY"IG]a[Le-# TaU
" j>"|T41yF,n<wz
M#-N];+[T,aj{)QjjAu|Wx`ThYny$/u:1B <8
T1*m=h<2V1E
?Y[\/l9  JeO]&.`f(2bfvOwq5%K]O& $Vu$kY.A *. ,:YGqIbf4:;J8|(NrSSnohiHvdVHDWY4vwK@|='<cu!@), (BPZCvhrc|we>o8#"_$BeAd%x:t \;qT$ a,	f,m@[a^	.?*GpK0!1^;%hJ9<PTEd2ICyZe)vay[jC6 .H T)+Jq~;$7UbKm~2!HO_
)|F*aM<%aaB&*= 
!TbWCF+	(BjT%eJ#M\IcdID)6)Yd({<Dpq0^Jr$F5fFSn2	y92;Q*AW	Sfk?5Jl4-8<(WI 4Hr(,'/syl?h|04!)9sdeK*
j	@O$M$E+;Q8z6 
m.wnXRj&)/Ukso,l 9!8 @"H7	yr#Ul};PVJ>duw!:i)QDRvxd|/J]"R8)~|"\XJgrT$  	R5P
-:8)WkrT 5'
nbtzf]x`D"P7iNIbed4yH"^?N}l6u1i%YSJ2g+:xhe#W	M|n\G78fU#fB tI8J =3cXS)SFpSZg&*!;/8:2)W3%	9}8"L{7{biw]2<${1%CBryfps0qvNSxy7ur\C mY<#/kBD-hnvoLA%?o?k)5^=:3		# 	(G?3pzFK.PRRDL?[x(mUvQo~+HNCk
vUACOk%nJZUk^PN{BXjRFhN9q_bC)q>:*(_/
?<Kt+U)!RH.P8*^W6ppFu,6$XF!^&|[Iz1dk3Uh,u6lF;Y:d`I|14V#|L~3X6SJ;_.7x]fD:f.b32deZ&K}2B,K)(2M2xZ:I(#0DoC#I
G 3mL)^J#;!C- 3>P1RgOKf${*h/gZQVk%U{LIE>Fc^> O M( R^b&'	bb:X|e#
`;.'cqyq Uv!zzT6yWEM7PL"W}N	+#:]i8oe|^VPuQwj1T;`><92;EhdAz$+YAeAqr4=HT@.2f5*;jUh9t1(| +$E/tPhA6zqhH!-!4%zHRu|(G-_DfT9M_:8N\SLQBr!$}\/+6id/-SsD (mxX #r^Y$@T
^jU.o ];#t|c~88=tM'QZ)0'&os^+p~@W^@7<aJ${QzB,^,1\./P&6UY<96S~"+$2x=GFqIAIx{#[ \]'M0iZ%0@2Vy?" K+">m_>Iqj<j3.p bL5cIy3:)/7xCqQZa85:Lo*kVx=F2Dk5C%"e+;5fU<emt J)Y	_o):MR&(^ !,>`Y71y0%_-TPc:wWIahI:IMZVT"!$W+<C;./NRz	(4 VJ	o*;CF$-Wie <_!m%1D%(g6x?dBM,<e*%cQ)V/o*8 v:/Cxh9V(BH\qmM+AJbTJb(QI_WW:}Cb:`7b'ncI'k
aNM.JY"Aox+qJ~R (iV :^D}1dBc,glw'R*;j1kW[D?36$eR'YP,H{&HdWPE;gpyR-"7I>]W3\KsDZ5&dmL3j5vFr/!G9TLDm?nO;"EIl@QpuT7e6(?Xi!XH]Jp.I/YAG"h>u0=e1rE/kSFt:'3 (:A3*,%KwZ5+JiU?k'@XG#%(i1*d<":+jkBqjRF '%Ny6BG!\&^hLKb|Xr@Z&C4bj}Y3_Byn}Sxb$1Ksh0y, d<h.^}}31k^
c5bZTAi-I%[&WM3;}Lv<UaNMcMQiPo_!e`L&:URx	M6P FP12)AaiHlRj6S0e?+R9#D  .e6.o<d>pJBi2ihT1eeUj4j	b2zY5e6a*OIQa&414=>C3@!(FO*Mi#*$h+-5`%fq@T6eO[m@DLL jkeJBw _n bU!G!c>"^'+`IvvwX>VyE?e?_%_T4Xp{q:DjSBk\Mp]wS<b4yU]iT^w2xe.RnU :&9-nx%Fa:/{:{IMA!W=H^[W\TAE(;ufD	Wdx
99/'P
gw&d+V6"3}&Oe-#i8w0P[Cy#dg;=}~8RzXt(*Ck;)_PN6Me*\mjV -7(6zUqb++nKI6t$ScI.a5FJJ9[uPjFh'%p0A$}#z(m35N &%Cmc2@D0-9yNF3;,!5GN[{S`
oR/*'5+}B"Q%Jb"z/.5qS4%*0W}d3(a[_LJo ?HbpQ
&T\%V7w!#bDOM !tl}i?&aR&!U's~XGI:]W66am{Z8a TAf0xjDIgJ}(;q{e]W:&eVG}M@%=YJN
;mSmLev)K	b{K	G$!}j7x5m: _Vh|OA581,k,rFc?q{:w8!LZ(s@LXL6<IzFPDv%co	+EP!.sH6BD$*&u*;P*/33P%xC}/0Lo2W'}N|p.)X$I%nj.x.NHyN
U9M?gqT0@;T N`EGBx1;-x+Bv9Q
yW1J"1=4>~?XJ_Cs-!'jJ	A#3UVD0+bz&VL2$'L6b8?fO+#6R5NvNLDxf\SoXK1U	xg),j}JYn.>Sc2 KO(as2(B(5g{@P9H(Ey\<D6G'K4	}Ge8dZDy|sVUX6m	qctVQ_05Jdl	dc
\< Z1V
I=y]99W@;am6xF3M_DS,0C;B9*^Y3|ay)#AY*[,iZBR7	U+-%U}'a%?\>{wZX*$PrDM>H	%z_,ZU..Cu)RX51mq3mvUGav^Fp	-aqjF<-mZP.9HnS5pLfZ	e.NGX6PdZ($m !^RNDe8W*P/}8m@\W~
ANQ\:Hb?;~:[q"ea>M/4U-{{cFm3( V)Bj4JX/LY
fH;KX\.iSTMmk1Qmsu(z(y#KGJ6^	cO5d\ fPJGr&,&IB
AF^^\{m*(f3]% ')i=N(q.SDk`HB|_ SW*2UeGm@lc(ocW,"0>	6`OY"YK6ob#m4F~w	'`e"wTa1quH"^yfmHSeXBo4d 5Sb<+[:%T^^ *NKILl\%mqjLsFK',;_y0aIz;Q5cCM+8_m9m4/&}L$?cj)IY6-vf3xZ^)[z3sTcGkslcey-c^J eFG&#X^|=9GoRFc|~"-Z$MRDNuXL D2dY{gbFM2 bSrxDN'T[)V0)$(j0UY;s3"/JfAkf9t*S(pKF.;J-"|f83F]fjQ]R7. ?rQ'R8E;5l;xUJM E)1eRT`f!p'alI}]r	tGT/tEB4Ol .>W3[r}"PrD6T6P%4wR"^+"w}8x;S&LjtZT[T1
-:rh2bA+61Bt"q8vqHDb|KMo:l-`}CsF!fM'O%:zx*+D)3,P !uc`S2 vYLn^!`Lo+|3&yw7blQkrBjfwc[T13K 'ZA5#vJq?F?D|z/&	B<kTIuHwNKGKJB,Fu$yWUFsG1)W 89@0]@Fj200N)XdAhUDCh:s$j*OyBg+
&mbczzP&6o>hJOS"/{ ;I",?D6
`:(*dSwF-K*pqCVfY1.W;gx$yr7((k@
d6: !cIDw7 JB*e`f(}R_[+\;':-"0+n+St%A}#kFm~{.N0U6W-Hz0pg9v4;!l4]N:J`ne(j/!X|UR=2iL<;Vm|]&1FJ <(Yns$5]
qm6_v/x"@bV'$)1uU,>	_;N0 z/GStpDAlE%_8`M!*I.AyOyMeoe>6Z	TUfX{i#RE=(_W
y?ch&M-TM)~]4ZR;T7]$`w(X31N~L|pFY_rk"%T^R_K_#8#0{"6<T?3!,'r6E0X&DL2	G\ol_(]C1Pn:k8Q2B.+$\/ILOTGdvrj<k*.JAX G[NMt77Lyt8EIjk3n29/06)8RLYWNEk;(O\\gW|hnRO'L 7|&2P4 3A>So ?;PIdiMJ0I\`gBTdT#:/.|"vw#@Bpn^
}_Y*MnB)E\azx*JPy%-$>601+v];F^LmGGzA\bxm
C%rI 9AJ:}X;	!2[Xp,f*"R nLu<a3fZaUokB	;,B`
 EE\	0!Iq7fhr]OLm @
Bd	l@DXT~	n~LP$	c[Wis`I
	\d>RHH 5e	!Y	T7eW-Z+SWIsd>1;H4&m]54JXO^C yb}M(`]mmR{QD~rx<I>!M{8VHr2%Ma"yL'>)y4utU%l
5"O 3fl|!3>]ALsH7Cxr];[e"hCP:2M)emt+/&n
w0T,>Ik2*7>j)s_&%og\2hNdCW&0.7QI#nxKTLK-x;B7pG^bw2pYfw'oGJ-ww+^!bQz]vw]Y"@Fzk0 &/8	82:IVhJ1GjyN/N%\7Dk/8Ha^R)#upr+\-O!o]F[y+ SV.y{m<H7J|y;\U[bA\yN$701)i+!Y||71;y*J4DXR +uKh,q`|i\m?0$~X0A 3MkfeqD8	AL61$*[E	=Ta_e559}tvL<E)E62wFN|N+wC>[		CU	VL!f%uM9@DWfvOZ`nb\@@l2$/qyL~2E)R}Kfhz090	vM0Hd^/NL@K 2Ao	L"(pxYGM^VPJ\b}$g;-DQ  $|okc=$BVk>xIRhogV"Yz&Q}g]I?xR>X.WZHt^gPOI&1a=X6foe(ynEv<yYMdKJz:[$#m
;3ij}+ .Y mFn=.w,	&4) rrtTT^ad#*?~$*Q2fFCh Eb=NsQY>5IW-7dKps.`waLH	, FZU$%dC\V.iWOfQUGyep=slLB:I{*?J\T5k8vDJpZf[cL[0
%Lp8}@trk)S=c[{h	717;}:
}["K,|/E"kLyq|{@|U^1td;wD0olE;D  ;:D\TQYMzb@o (xfl6MmhFFPy2>W8hp@d+]lCg|(H[t<SU'+_-~Q^LzetIx:y"{!i]LMV'z51q-E_|bFd~#xrxcb,dC6|-o9Q4dT+<>#]K5gdj8lfjtbdB508f
T7C x ^lV8.y>;>/bc|vxlz-s4N&h6>v@"j@)io#)ZoW"Q*chc!L-0jpa3A	`%1{R 1e/j}BWu[~ MW_}gdTX6~6E.gJCI*)M<L	$xk<=l=#WVTe- 'YHf#[Ngga3jfVR*+'BWBzoyuf jl26W.T|,"Tv pR"6{#Dzi2xnxT^@HV0cx2OS*&i/8 0-^1NP&ZP3+%sX06k
5bVBC
Z*$uB.n%?#R`u)QE\jO&M(3$,xci'ZE+:i}O `]7tM-y4i98NaXQ&V&GCqI$)]=RSXTm8fL^O>P. 4T
>0HO\]Q/Pv7dD+[TEe\<kydJMaI)	d+)wc[$ ayZplZ<xs*)B nx
KJd>c_%S6
~$6jZ_ R8|y4K*+8H^fQ:3 |vQ4kv-(5>CEi$|<{\
P_9sg<;?3@8oD+5,_qkYTr!k5vUL`?O8{(U;j/>k%dmEngu<+KYcIJrrz"4mp,,x>_rB}+?$d<Wk!N` :my/17pTS7F'L:'c<e@_^V"|)x$tY1.Kh!Dg<N	J[i%Cw8TIY(:6>$G/^;09X>lqbAhxH p$=zYCR9^q|E	5yFq"#xa$q i|	>)iZQf 6FhW8~@jD	BlJfXp[G%n&7,5&L
,h<ztbMu!%d0	Iuo^=^[V 5 b7$)jdI'_[rf:"MV yhV45TNCl*w9].&<:3:	1Jzs ,E}ce`Wr-qOl}&faRhyXLUT-&S9|?hz~noRh\[|I`g[dJ5 $M/M*Y$oB6wGMeAr0eu;iD6$LwC9t:/#B]U/N;u^0I`%'6k-=hI*7P}GO2xr&mHU,mIMZ$LU^Yn}??'hurh-6@aT9sKTgF;XX\A5MXn}xV+}EH}	TB&k^8JjqjQg`Z)UZ%sNgL`YD@%E@F"V~WC"b)O;'B:vZuqN.+WpbF/+JkNmjw\.(tUFQ|1JD?U:g?wX!
R6:h^	oga1Ia^$-i[OA}<v/bWyM@z4]Ugmy3q!LY(L a\HvR/js}1D sZ.>":C^t>K&:A|`^GwI	=0bM[`}gIEBF.^}EF!"zrpW(ZHt7g$e_ f`oL!M3VO6#=Ye#=KsOVaM(+M/$Oiu
GsUIeQ7[y&/piuvII,9EJ;R8p*#N01B,+kK+~5()xv4d^K	=TZi@e q"n-My 6JdYBP.mHv<l:NH%")6/22]+NVgH6XG60nN_R~V DHHM`HRI{,=ww>78FZpQ
o(&r*eJ.+$d[0l;g=$-4!joNP6V,^+'kFY:bC>Yi 'U+1]gn.?SoI {z/h! X! +~u8L~ZA^}$N*sjAJ	XuN}{,M+yWYY5]DAY3v2'+DA|h""JhtIE(4f	q5=_C0$;Ur-,_I]U
0A8;CN!2$^VT~[Hdar*8tM%);FwwjV[iZ2.M}8iKJ>WB=*q30I +i!=fYk}2Oj4R$^Jq_X'Qbz^p	<NHZ%zF]0'2U?akrAbOKn2 fPE+9eVd vE8y~yt<107}N}frEa]Ow/d}i1mD
Y
OVDBKl=i?Vx+w@oAW2SGX$"Bk0|`OJ|<S{N@/>N4N*u63k{Y,du~V4tl9u/h^IXOLB3AQM}Fxs`\<QIjQ\xs5P(J }v_wHRSb?nwNcj-y}m.xEO^[cii6>CZH?E[Ft<rxUPr	-tgY"lmsmy&R%/;NqkW,$3Rb6fm	hhv,"HaB/F#</)b|ALc<F"0%<x|$Wv;3Yd@~/dKqnNyVrlOx a3{Q^xx&zqDOE!/?Kuzz]/DPy: _D*L#mR_oPwA8IL3AjfU5/')w|q{	/)z0+P^hExY?{E+K	5'sm,dFG'LiP7JWQ;geOTZ1&mx#o}Rh*5--DVLdB(,XH#oF83a;1(>R4.#a(IMtr%8gPm-W	S-/[*vU,=E[#*GCVO-!/R@" {CMNW=J3.F"buJ|~/z*Po"MUY_eEdE]jDldfi)wZ@kI^z8<eSJY6"jih+e7_pRZ.&G,6l	+-LJ8*XOC^ )kqaCdn^nbn;=$O^g%<xBdUv?JDNU6o yc Fp5sqS{2l4IKK"B.&Sdv^P5Zj5VYnRtnj0iR|_l#%#/?65;.Y1!) F=82q5.Y$Ke.3m{-y:nhd'zKr~BT^cLI\loX/=xeMc4z@\"iUP (6D4vbFbu"[L+4muM3;v1R{w>BmiOZ/CY>@]7_+w4@O*u[-ZQ!M"3,U`fLgIB":6OlT7-I|Aj!ao} bQ9[H%qMuo"f7yVebU<2lkNXa+i[ICT0X9c/~2oG?Rb 6mFu`iV$vb.
W!%4m0~G0}oW/	:;Wz^89D$Z**2yVj{&o8Dj%Z"6C;fF$Y.Ns\nZDuPA K$?9Y=b0@J ^(io{S( rx<	|7,3G$x$DH{Hd#+/&M!}dI\so..?f4*N|:kjo}< aL<qQk"Yy;l2%<IX0X34CGd"]&.O2PUOwT\)X}}X!<~{g2AD*eVewj`>fT33EDEw]U( @i uq`G-^{P<gv4<2i8R}7((B;1>M)&oC+b;	Lm(AQQYa#O_2KW/\+Pl.xTwXc,\oZM05_M*G)gZ5;65-PakW3?VuWh[$59*M:EI~mYt#Ub_k2=|AwVHz.H(Ft^2$paMn}y!=/|0dIEYldM~D/TMET"=SP=;mihGfyo f
taG!G&O#&yZrY<o}Ctyn77OTUMeX!'>#yBU	{vdMF`zX%/Vfnw~B  "j.4UE"L)S2Bx9AEA9qEJ4soE>32YeTA$uzvf/R'uH^BZYI%HXe,ar^($R2$~ ?C[F6jFGWF %.'|ac NU&}14-8"fI<HpIzm^2Y^v[7b(I2Y >^
R,yyCXIijsO-HQzU.I3@m|s=`Bs>d5/Y=D#E?dG5.:~`dJ(o:^toML 8E0a:!_Ls JkrnG;*Q	t,Tz:~P!oxo4'UxS$@e! <~$yRfcbfV+<Cz~R&Ypw&)*HH|,Ix|RQsr#^Y=56@s\^Ybwc	C1MQ+$ w,Xe/ErP	Z#xkf@z{D|e?.*^S/5D| ihg	eO[2'~'	;hM5&#N7Eg&'DK(FuA: B4}c:q	eZ*[F}h>np;~1D?J}?M oBrqvj5o
}JE?H/<0`74H>w.f shi_b@#}CD!7Q;
.X-$ZcjQl4x!%TXHG;P|n\F_D9cq6cL^!gOe7<YevTnyQZ'?ABu2 SL4s Afsh ^>NXW,VjQ|i5&7 Lc6U~HbeYMl
)^qC;)F{*0 D7`FWg<ar^;q~s
E'M29<kiT*hk-hR_
/I4 }V01u]X6K&Hf5pf {5zegiFbOj3T3M".C8N?u)j{XE\R5=]5FzEv6-(,B:$e.(h8IjI>& Pmly7qi3[x'Q[nKu"x\vz [I21zP.q&=,d7@
 R*fA-/]lubg5r@S=NgcsB']rHInQ,syw_`h5k*sX+)E5AO<C]{I0Fz}}z^3{imfX?=7M`_g	d	0,I'}ej'%OoWEt
IM)Nfx$'pylvEFI\@{yC\WH?d
f%A2QK3+$k)y(b	HU0F'C>_4|yWS.YH,$XgK6$Wo]c^$$7pgmDm)yu51Tt>