5.303602404536151838e-01
6.595758970619262918e-02
9.908426965606655923e-01
5.089115760249315334e-01
7.134799811571821415e-01
1.906874454298946198e+00
1.226046478624171598e+00
3.052102811518057290e+00
2.098569720942439432e+00
1.701923614658568562e+00
4.006014310327670191e-01
1.147947699261565813e+00
3.416775409220429438e-01
9.181616413293336443e-01
-1.227774148264886733e+00
-1.278804014249512733e+00
-2.554873053512321857e+00
-2.000119506026660776e+00
-5.806322086489579259e-01
-2.964900287861857109e+00
1.978079370016332383e-01
-4.846745457906544985e-01
6.866284475561885703e-01
-1.087262227890909871e+00
2.899083260592358435e+00
2.492569064705995707e+00
3.393639609728443141e+00
2.269591234665337964e+00
9.046052706204422700e-01
1.024553788690595546e+00
7.428847695706691789e-01
-2.270556336342837156e+00
-8.128059503782127937e-01
-9.074567324080631270e-01
-2.251989594356378799e+00
-1.042803938412732112e+00
-1.557428977393591651e+00
-6.574093162895743303e-01
5.486390794107739444e-01
1.748683815873450564e+00
2.609239622708612760e+00
3.207991483446200665e+00
2.192364029593901087e+00
2.483679690888138669e+00
3.397375643976960902e-01
-2.954790701406720954e-01
-1.164584443558420723e+00
-4.409495243022119593e-01
-1.600288573998664088e+00
-2.063811685997256617e+00
-5.365851952175402229e-01
4.005566625640892831e-01
-1.481570638441061849e+00
-3.234687047562825879e-01
7.970922309792116689e-02
7.627884856836453231e-01
1.386167876700845403e+00
4.532217372528499766e-01
1.462878488242029151e+00
2.081329713058626574e+00
9.589384780035594691e-01
8.191584814552315130e-01
7.212453886272918169e-01
5.537845807855025226e-01
-1.380407856011274914e+00
1.958940182428645649e-01
-3.616369260646425388e-01
-5.866742582979305176e-01
-3.073546342869613035e-01
-1.205157887017016316e+00
-4.152462915876030669e-01
5.570981026544417070e-01
1.551142915276085832e+00
-3.478609459056496434e-01
1.891327162981629950e+00
5.484895813395174180e-02
1.068878430545998626e+00
1.097501835843473383e+00
8.295248952679690202e-03
9.031817201323457667e-01
4.286110759355036270e-01
-2.452334200967870304e-01
-4.574865126855977016e-01
-1.083507813256324503e+00
-1.385947885601507001e-01
-7.728518838637548072e-01
-4.513606987275758931e-02
1.503597217902315819e+00
-4.312784897698644926e-01
1.363743077150615601e+00
-4.887238200893615492e-01
3.294595696801257967e-01
-2.268699637526539803e+00
2.795400049551687305e-01
3.106605819513680311e-01
-5.002557873281148204e-01
5.053470092576480832e-01
-1.639010898448921283e-01
7.717964675055828394e-01
-3.255751937011127084e-01
-1.216525809066067332e+00
1.417235935075402020e+00
-1.004140752994212127e+00
-1.296695657550364922e-01
-1.147970649021715861e+00
1.791317815158093296e+00
5.039427244775773751e-01
8.734390288054830198e-02
2.447880123998832091e-01
3.069234201092218006e-01
1.008060752956899897e+00
6.101684917506542405e-01
4.931591500486830482e-01
1.351112554376709962e-01
-2.421771606660826359e-01
2.628982453395046104e+00
5.476058698900547750e-01
8.507122295313482851e-01
-5.152935678866028546e-01
-4.619075816629420461e-01
4.248974188253951123e-01
-4.002440928401156395e-01
-6.996515878462520321e-01
-2.037425872364481805e+00
-1.820020872037551474e+00
-8.674147666169457205e-01
-3.142293094861980940e-02
-1.352789649584325682e+00
-1.445420674125863725e+00
8.061890023305582353e-01
4.761766972075851534e-01
5.334567153950577900e-01
1.640612380628989841e+00
2.479135711446826207e+00
2.525965895045325649e+00
1.512757509540138434e+00
-5.598944740104613293e-01
-5.528020864820648583e-01
-1.162172391385383641e+00
-1.593103160504039106e-01
-6.714707373758791453e-01
-1.473518771892520229e+00
-1.650597201642431067e+00
7.341012012225645034e-03
-2.254519094002488622e+00
7.407562952716574278e-01
-8.294481559583174457e-01
2.548372485153158618e-01
7.465513197972309944e-01
2.034744019015697347e+00
6.812706787706710454e-01
9.546100916553165172e-01
8.753987066774830961e-01
2.406420660248753673e-01
1.341481713120561858e+00
1.016003631956916009e-01
-3.664313384376211014e-02
-1.083861648352318241e+00
-3.838339592028102154e-01
3.465339174270553046e-01
-2.299777390269193145e-01
-1.181833932125987197e+00
1.071572487641800020e+00
-6.284286262015614799e-02
7.715477917699951060e-01
1.011798095404976783e+00
1.740844133772708524e+00
1.815352316311384939e+00
-7.719127450948992664e-01
-5.240511509869033580e-01
-2.378056118185124801e-01
6.209167298629141296e-01
-1.646417696630558591e+00
1.160890988973927174e+00
-3.952457380254633112e-01
4.998770532849903248e-01
3.078890982024927725e-01
1.190634179795436953e+00
6.647095843418877603e-01
1.095707568339631122e+00
7.802446212292500904e-01
5.278602474986249238e-01
-7.071968306648785951e-01
-7.477329125564313728e-02
-3.709023243796111258e-01
3.844996083524730990e-01
-9.033524566660968702e-01
-2.472276687596675071e-02
6.951059104848316128e-01
-1.488937886454692272e+00
-1.405095977808583418e+00
5.056336807226057273e-01
1.062082928143916472e-01
-5.252484303280519073e-02
-1.834558447849659046e-01
4.163443009517798776e-01
7.539178745445513918e-01
1.053753089241732166e+00
3.843545346565219178e-01
1.184470891653502722e+00
-3.439723437586105770e-01
5.741132129753160340e-01
-1.415569128533824106e+00
-1.850816325588031663e+00
-5.315435711199136826e-01
-1.093178990521025851e+00
-7.535213990726604694e-01
1.482034759061769402e-01
9.828235960234185109e-01
1.128695769551349537e+00
-2.920329179478693415e-01
1.297432761434899939e+00
1.869271509067883530e-01
3.161592876617492776e-01
7.123650679428479293e-01
9.360481171012529078e-01
-1.309383865820944903e+00
-3.658789999142147975e-01
-1.400339895161678005e-01
6.091539865273146725e-01
-2.489704999955996145e-01
2.548950183846021567e-01
1.228608807574306461e+00
-5.161592917229400612e-01
-1.115340847701112859e+00
-8.020243141481393501e-01
5.599439023750720779e-01
-1.521313589619648132e+00
2.129409966600524839e+00
-1.408232592376263970e+00
3.360292664778280480e-02
-1.997497643497030406e-01
2.644746893895213447e+00
1.041200094697221079e-01
1.295728918450265388e+00
1.037184800575776888e+00
4.993929017910359036e-01
1.222136932904779982e+00
-1.984339399293497119e-02
-4.964921604104521324e-01
-4.184893384318696952e-01
-3.205285385392093733e-01
-1.407706212329336015e-01
-1.834391198852981075e+00
-2.908578303005520116e-01
2.078743097134256035e-01
-3.577460761900717046e-01
1.557777037386238739e+00
2.171682552249957876e+00
2.399512830386225648e-01
4.391291454518631010e-01
1.420081158117061149e+00
1.047834900506494193e+00
1.382566054914316833e+00
-5.106550882338667385e-01
-3.250677939298565189e-01
-8.328755354082914009e-01
-9.346624916717827247e-02
-1.444934111397651266e+00
-1.833952147965582369e-01
-9.426435473883901239e-02
8.720361619815111265e-01
1.167703429110553026e+00
6.818356987302716110e-01
1.091908410746032621e+00
1.684774065934854459e+00
2.398437695874203079e+00
1.882771418092642701e+00
8.120653817685945519e-01
5.275606548457254519e-01
-3.565587932575502994e-01
-7.147989078139161956e-01
-5.408035379128881548e-01
-7.361478375007157737e-02
-5.655556545547379965e-01
-7.799719700989323767e-01
-4.459826240747147841e-01
5.487997070598269467e-01
-2.446763018196040917e-01
-1.126560048773579403e-01
-4.699874864232903571e-01
1.696182115801562418e+00
-2.093279601842332749e-01
1.962722911353079080e+00
2.022559950101048276e+00
-4.233541338195136450e-01
8.915717020528781678e-01
-8.135203300866836740e-01
-1.197151708725512353e+00
1.264610768363905180e-01
-1.332787841698656273e+00
-1.517081787013663696e+00
-7.711447208826304189e-01
4.284749665610777525e-01
-9.187768928867174889e-01
-2.289530395700732357e-01
-5.253324556063080492e-02
1.469809087938653613e+00
4.991054880238128821e-01
1.142971695119384123e-01
-3.627760019590646756e-01
5.621848582036884784e-02
-5.177351157059819492e-02
1.503494979052812042e+00
-1.399325884727123936e+00
-2.727940245929067475e-01
8.767205836574982758e-01
4.703195774757068515e-01
-3.100197716968134398e-01
-1.901353579486588785e+00
2.535812648406501890e-02
-3.901331164084800296e-01
6.896818075183692720e-01
6.274425514255893566e-02
2.191233059058362187e+00
2.539135945514108705e+00
-5.086376345740836191e-01
7.880872668136985615e-01
1.194336375310749432e+00
8.284305489761213392e-01
-5.621563957679776014e-01
-8.326465505221416485e-01
4.465533386609374933e-01
2.867712323584791223e-01
2.123484194977676154e+00
8.682929477230892923e-01
-1.547572974880385033e+00
-1.108508116868319737e+00
1.816161961690844762e-01
3.023342952809341400e-01
2.111824134650429619e-01
4.982088554227316335e-01
2.343082403452221296e+00
3.585500620919602754e-01
8.973458425378812997e-01
2.133692438302728922e-01
3.165312875042939345e-01
9.740785594207274078e-01
-3.753583321711733145e-01
1.943040559888352004e+00
-3.264872171472166240e-01
1.354876129320371492e-01
9.739166096137713557e-01
1.546670471916371248e-01
-9.725180540228353099e-01
-1.980873918327402394e-01
1.543101740584369885e+00
1.109438821730627023e+00
1.762701852619710241e+00
1.625081374761741859e+00
-1.202367372652797695e+00
-1.992792896868611718e+00
1.962349484011438383e+00
6.727033723936982623e-01
1.334704052924183815e-01
1.248842533407049510e-01
9.393300178690233704e-01
-3.792478792500277307e-01
8.017032770203635916e-02
-1.168028570150444256e+00
-3.315983246978878030e-01
-1.397577539603369612e-01
-7.877045535306812507e-01
7.485415778738427894e-01
9.863595719359050662e-01
4.049298967340936306e-02
1.800085243271484226e-01
2.023343898754638381e+00
4.719619736543846367e-01
1.493661817481805931e+00
2.628318697874669763e+00
-7.397243910906126096e-02
5.668741688343419405e-01
2.407595114534167635e+00
-4.592221701825319746e-01
-4.614065821127409373e-01
-1.017077025483925645e-01
-2.143803665721293772e+00
-1.925019074863917323e-01
4.267911032498969970e-01
5.285846427806223380e-02
9.132995891227997376e-01
6.620769958744823214e-01
2.602783554533273369e-01
7.384841831653814470e-01
1.156341178241655054e+00
2.657406978427973243e+00
-1.662627999619236130e-01
-1.205330435218944785e-01
-9.213922090982528124e-01
-2.165062833909127349e+00
-2.123456507639088553e+00
-7.227531185903428579e-01
-1.050753139913222833e+00
4.210338860832898433e-01
-5.437175216359511065e-01
-7.717506113311296545e-01
1.244595641364363736e+00
-2.257124967121121317e-01
1.671626047371053359e+00
-1.071034956347777678e+00
3.212214574630689157e+00
2.844227742084273203e-01
1.949047021688627535e+00
3.477943872484674515e+00
2.113409719349830684e+00
1.973729400135707523e+00
6.721018964386488159e-01
9.779503592052266603e-01
1.534082541645970688e+00
6.410569099562219986e-01
7.403386779369747206e-03
1.176862786412633088e+00
-1.582330674784818147e-01
-4.970483334083663496e-01
1.244741501024629438e+00
-1.475232641452340898e+00
-7.154525561277811363e-01
-1.096958821761995440e+00
5.228457058495344922e-01
-2.906836210513633612e-01
1.011599655638944828e+00
3.092437256285887059e-01
-4.882181686545250532e-02
1.249588171542407089e+00
-4.231507250478684368e-01
-2.696528221582293883e-01
1.237907546201257203e+00
6.379037396934050808e-02
-1.359427746040973828e+00
-2.194087006531303674e-01
-1.469609821456376864e+00
-2.747781988733918102e+00
-8.585391738762915281e-02
4.685097805257243397e-02
-2.707880098647735156e+00
9.294377578492032388e-01
-2.184688316457575663e+00
-2.732658634658116092e-01
-1.164275698930531178e+00
4.628195504281920614e-01
-4.561867658864066088e-01
1.060141216365118044e-01
1.313802978809408550e-02
8.087390071033924155e-01
1.083737553965110401e+00
-4.849398735266025051e-01
-3.292189010564909313e-01
-1.790547941963566814e+00
-1.399048610837828610e+00
-1.372474622621214557e+00
-1.026628790718093542e+00
-1.135080633669341310e+00
-2.194850887280817897e+00
-6.948974531556572076e-01
-6.871571101634237344e-01
-5.832270699595145658e-01
1.648759859151051721e+00
3.223764053737080415e-01
-4.402688680630615359e-01
4.984441017359109161e-01
1.566072492256219029e+00
8.161050409876587919e-01
5.165176316924288136e-01
1.194669122124113247e+00
-1.259668564422823378e-01
1.659443974372097452e+00
-2.107887581654679932e-01
-5.230272420989443560e-01
-3.272297610116142730e-01
9.744485912417913953e-01
-5.812970805605361946e-01
1.031554464617391753e+00
-7.174614863384239927e-01
1.704203229785888229e+00
3.480658574364676738e+00
2.479543038104538688e+00
1.870427010464601025e+00
3.399240392553996237e+00
2.008164370888692041e-01
1.364281199878436768e+00
5.949157311880397536e-01
-7.760170735546736420e-01
-1.390713032181227771e-01
-1.727402701845525690e-01
8.175792929191926239e-01
1.391315651197650993e-01
-2.783689470411760070e+00
1.733767419573929991e-01
1.119501517260667045e-01
-4.586573837028176670e-01
-1.575483930056124526e+00
3.379038048165425856e+00
3.027025919278016453e+00
1.465186490837234290e+00
1.725472636820716943e+00
2.894648159363297335e+00
8.585777693118441523e-01
1.620083078701980650e+00
9.808978620379347202e-01
1.495849840415691023e+00
2.925300852013031083e-02
1.362383749497221297e+00
-2.905399499338757519e+00
-1.806186708222051518e+00
-5.029095790446809211e-01
-1.284810771715724442e+00
-1.213887388919504540e+00
-3.028084354433787095e-01
5.680734951185928416e-01
1.112291057809117634e+00
-1.981276230872608402e-01
3.210375502396601632e+00
2.558147809676163398e-01
1.215817362589139083e+00
-5.454548305364050886e-01
2.170605778670316788e+00
-1.080333334701149228e+00
7.558987927177973631e-02
-2.584039581635168226e+00
-1.162520742153844377e+00
7.211160379122691921e-01
2.599734504188866424e-01
-1.036004640893232631e+00
-1.787686980245523971e+00
5.311819267325714744e-01
1.834233440951882343e+00
2.301599804310503927e+00
1.666812567057208261e+00
-1.745606350603223778e-01
1.761680274556776782e+00
-6.144448043848058649e-01
-5.576175923938975210e-02
-7.582711009911282662e-01
1.591476607874492966e-01
1.409266017047086095e+00
-2.365503589875202761e-01
-9.168791401700220334e-01
7.044249367837494002e-01
6.315373251184432934e-01
1.886028087847015922e+00
1.536128238651252920e+00
2.205184944310148332e+00
7.042302229424375337e-01
6.067091725969359084e-01
6.866835841961809184e-01
-4.225399688357449612e-01
2.880174675746154933e-01
1.594944735031070815e+00
8.089371828419662513e-01
2.224203657306194071e-01
-1.340278585879821627e+00
2.525873046360802010e-01
-7.367448517322369161e-01
8.162224503696646760e-01
-6.816131721580918068e-01
1.625743506590834775e+00
1.090738943500163316e+00
1.582584310732464417e+00
8.422909821390385243e-01
2.710476053483154679e+00
2.433385573016633607e+00
1.502632735626988181e+00
7.491685715341074303e-01
8.046391362504494715e-01
3.081784846740328376e+00
7.753847449416855220e-01
-1.695019262330488719e+00
-1.417594345094219221e+00
-3.732006064800756917e-01
-1.523822949623586664e-01
-4.572347027396873043e-01
-7.434811785710516707e-01
5.385589660274152646e-01
6.856767484399229895e-01
1.232848369187714566e+00
7.680914685591170299e-01
2.076694450682524451e+00
1.966809847704223291e+00
1.561334572912154162e+00
-5.941712145752364727e-02
-6.681516404071319304e-01
-6.363566982294569518e-01
-2.472054749657464523e+00
-1.538929047889636914e+00
-1.947195392328298524e+00
-2.647450788433178825e+00
-1.566718642220910285e+00
-1.469586165463150351e+00
5.188940511712547554e-02
-5.500492409881230227e-02
-9.012479613000368150e-02
7.945427648910011742e-01
2.435347270480805015e+00
8.916864566955045035e-01
1.191549953826237296e+00
1.891490113256866001e+00
-4.142651978363114385e-01
2.909116312486397238e-01
-1.375629203238968312e+00
-1.522788998838240593e+00
-1.881536395578615295e+00
-2.562708607525363114e+00
1.939944287660314348e+00
1.117560710851761119e+00
1.668552873944465942e+00
-2.468670307366549466e-01
-4.712484313604825559e-02
1.278515941418519652e+00
8.042519782726069710e-01
-3.929072943744924551e-01
1.558543713879584125e+00
2.000880192074482977e+00
6.644436279647290000e-01
3.960481190089807924e-01
1.135706218809037910e-01
-2.101305287937431210e+00
-8.390611785996213157e-02
1.155478146612282986e+00
2.847242101131672309e-03
-5.595145229702627176e-01
-1.062179923759528410e+00
1.938846420323616648e-01
7.915209519824739637e-01
3.371082537665393009e-02
-4.345219662994165288e-01
-3.889829863084991457e-01
-1.626399497492312385e-01
-5.303767536982887387e-01
1.570634642520892355e+00
2.715308462785076538e-02
-7.914743778648688499e-01
-1.200437058668242241e+00
5.415454023641722570e-01
-8.806845788525370367e-01
1.315081456164924667e+00
1.079460189903054257e-01
8.488440036282373091e-01
5.919404564211390163e-01
7.324182092959983237e-01
-6.521588842619374660e-02
9.815132269208168836e-01
-1.002625645371198360e+00
-2.640326036584206282e-03
3.738209530998505281e-01
-1.138121291585279415e+00
-7.494287891232722654e-01
-1.301369826878316038e+00
-2.028936083754254494e+00
2.870064304740235772e-01
1.658716714626357613e-01
6.801095051418348802e-01
2.330128096502794843e-01
9.179281288470119149e-01
-2.758323957021583395e-01
-3.016220198468701486e-01
-1.254623803755233524e+00
6.166721292818222455e-02
-2.976634989261467967e-01
-6.763509220541974454e-02
2.142171076804657570e-01
-1.257124053142592013e-01
-3.669444569044250648e-01
-5.757080526593096881e-01
5.415145332614863527e-01
9.478321545220851352e-01
1.418193151886043335e+00
1.499134384351506588e+00
1.337936134511836572e+00
1.020475388660952110e+00
-3.681976157817157258e-02
1.638042011622023730e-01
2.888693851814025382e-02
-1.562363087776945381e-01
-4.115398673006392949e-01
9.944624898482641306e-01
-1.663691937417901279e-01
6.969768523971386909e-01
-7.146680395451865397e-01
2.774368887208152334e-01
-5.948165104593841068e-01
4.713651284757466309e-01
2.113613427592317406e-01
-5.891706947258174010e-01
-2.314028672419132238e-01
1.125071310692952631e+00
5.153500653119642838e-02
6.909077518123737383e-01
-7.140899638813533734e-01
-3.797067437469821005e-01
-8.832780406555950092e-01
5.912621613755743022e-01
-1.282491163268320911e+00
1.318053445515726008e+00
1.537109487795665030e+00
4.286513395379645264e-01
3.398809959405930670e-01
-2.885966857799297791e-02
7.151359681535655044e-01
8.782247575780717241e-01
-5.685927487827489024e-01
1.864364944848746708e+00
1.717713374283091898e-02
6.438304524451043953e-01
1.271601930352961318e-02
1.294345774441777674e+00
1.419356393350334589e+00
1.658256395886205103e+00
-5.312077064553910599e-02
7.405552575486933353e-01
5.675795477278071655e-01
6.584588026243265446e-01
-5.344048217425017011e-01
-2.425901317683258451e+00
-8.706015156553027490e-01
-4.917127668899156090e-01
-2.799308697578870575e-01
-4.680434972189467802e-02
1.290614071794436768e+00
1.156546272733922187e+00
1.259171511638679242e+00
6.512370233810921283e-01
-1.326554726267551443e+00
-1.182331231327692134e+00
1.382520564782216965e-01
-1.916738785233357056e+00
-1.336386482479061888e+00
-2.100468119805559475e+00
-1.705759984568599341e+00
-5.380974259049549069e-01
-1.437064017988816778e+00
-4.212626747641380343e-01
-6.313556346919384499e-01
9.878241223073533916e-01
5.908914148696613466e-01
1.652864819020624765e+00
1.128228320606827095e+00
-9.037804474764672413e-01
-1.275785517573542638e+00
1.682254783952629729e-01
-2.054140516965337948e+00
3.433265772409769268e-01
4.041476822962316584e-01
-9.370416073929117573e-01
-1.397282895792235191e+00
-7.815750305567419343e-01
-1.621646376843237425e+00
-1.472847986631425909e+00
3.464356343019829310e-01
-1.117202041319509398e-01
2.890790474574505886e+00
3.701977079387380742e-01
-6.460259257836900026e-01
1.421753278221844496e+00
-3.539104327565174013e-01
6.183746763432022009e-01
-1.605961673106552356e-01
-2.413131181648486001e-01
-1.726495023251159555e+00
5.726863877319303686e-01
4.511783944017283554e-02
-1.144062152232105056e+00
3.136013983201808575e-01
6.624392908674404667e-01
9.969326619164041725e-01
3.173603988047071667e+00
1.991746469883877158e+00
3.765334273565336343e+00
2.233322092510874324e+00
3.173471016385946974e-01
2.223259731107700699e-01
3.047169088829055905e-01
1.044092199174075253e+00
-1.180948489764283460e+00
-4.299857476959407787e-01
-8.040680821155865576e-01
-1.384374951689282929e+00
-1.782496281669020188e+00
-5.636470884926936264e-02
-1.979846720204171684e-01
1.855776311064761153e+00
-7.673093646137715274e-01
1.887084614499087154e+00
1.147997523457944702e+00
2.275417299889336498e+00
-8.677746810278972323e-01
1.550425732212663554e+00
1.855560774761357001e-01
-6.654511912764530246e-01
-4.631192744802751782e-01
-5.543115878588819045e-01
-1.264436541895038069e+00
-2.141959326224093463e+00
-2.234015724963041460e+00
-1.101542180664010218e+00
-2.647864895514831840e+00
-1.286267581705829999e+00
-4.517654897328506336e-01
-5.288905104251504508e-01
1.603450729161997046e-01
1.366871067087191971e+00
1.568764472426552814e+00
1.556247611916184548e+00
2.261035688117357445e+00
1.453279798706445636e+00
8.909654550246162152e-01
-3.836420145101702706e-01
1.420285047667414480e+00
-1.390255608756450822e+00
-9.252255656552186291e-01
-1.267770355438240681e+00
-2.397612345723486360e+00
-6.351933922000139177e-01
7.965047729549332711e-01
6.230470300312977994e-01
-1.931867961938071865e-01
1.900643616885498766e+00
1.167697682654597502e+00
3.774797172004917822e+00
1.511207618932093322e+00
-3.744950059587159874e-02
-2.204968095900089686e+00
7.948490294036845150e-01
-2.895316100684790922e-02
-7.534326379018400077e-01
1.627411560063439122e+00
2.880536509744002771e-01
-2.502767809778776442e-01
5.308255217196559128e-01
-7.002812933174180632e-01
-7.090619468095278322e-01
3.265912797924902522e-01
4.812519306222201032e-01
3.937339464633337061e-01
-1.103799361213330665e-01
1.692869614045825477e+00
4.266243953020924518e-01
4.356361474921074395e-01
3.053769079236213213e-01
3.750835034905034560e-01
-3.889765900634223339e-01
2.690255246389396948e-01
-9.609670305644635313e-01
-1.013676824043555191e+00
1.305148586801763155e+00
-2.866997909401910460e-01
-2.239354699504264579e-02
-7.729871778933476989e-01
-7.889698523364319094e-01
8.602462053910233664e-01
1.315771690468876542e-01
1.441020319067630506e+00
1.071594870279803491e+00
-4.970278945526896419e-01
4.506711863068236790e-01
1.381684558965735166e+00
-2.075882854319122117e-01
-1.307895941338562462e+00
-9.085623685783326131e-01
-1.668776357850934478e+00
-1.202794063795411539e+00
-1.419184828025672696e+00
-3.763084944319383673e-01
-1.092596351398043675e+00
5.140013819396356265e-01
-1.519116462932190714e-01
1.655741856485497987e+00
1.357882918030229646e+00
1.516290450935255496e+00
1.237839851526056911e+00
6.830708197971759876e-01
1.152824964128596141e+00
4.078284840931228339e-01
-1.552491220889605783e+00
2.664065440180514721e-01
-8.269387817930001772e-02
-1.490542449601796049e+00
-3.392050145735158173e-01
-6.451444849839729212e-01
-4.307368241891294525e-01
1.322482775614826744e+00
1.473723026728664509e+00
2.234251468919183026e+00
1.949426773609093999e+00
1.084437931779157260e+00
9.345635769162969897e-01
5.185015542812284606e-01
2.106668123066648413e+00
2.119075196890722435e+00
1.977120267898368811e+00
-1.577185506543391735e+00
1.137059083232886181e+00
-1.166148758281160047e+00
-2.283120049064604751e-01
1.258436521167833000e+00
-8.242803855877108843e-01
7.755853547778451818e-01
-5.245012629862968456e-01
2.772953079397638909e+00
6.961406080631180604e-01
9.773578834578695584e-01
2.420290031667481134e+00
6.390620513140471415e-01
2.450401356940658193e+00
1.003621497661087103e+00
3.009571578253158464e+00
8.799195403281279138e-01
1.658751685460534642e+00
1.628346888425456607e+00
-2.144224873394089959e-01
1.120018082513380531e+00
4.173664074464191187e-01
1.058696185085732822e+00
1.574349096517308200e-01
-2.050918522443379577e-01
9.346128775268782718e-01
-4.811890972840313641e-01
8.083925007237399152e-01
5.348057751132060389e-01
2.072170486898150088e+00
1.780500598056811157e+00
1.838804032573942426e-01
-3.266774312700532756e-01
-2.877867319208601837e-01
-5.384163409742630524e-01
-2.308278978100208878e-02
-1.814242130673002329e+00
-1.477263352756184922e+00
-2.088838211376560228e-01
-2.243478085847059877e-01
-2.093281939467891206e+00
-4.552949725976581652e-01
-5.077917347728559960e-01
9.773385690629052824e-01
6.739619635531194364e-01
-1.250836468232068288e-01
1.678184786528367778e-01
9.691705160741599379e-01
-4.521243832012912245e-01
-1.686049096538046577e+00
5.431479313257701058e-01
-1.057607417347659728e+00
-1.593407505167538041e+00
-8.196628624158850407e-01
-1.797963447667789982e-01
-1.395483455324441957e+00
9.132514681128216516e-01
1.828536254302445929e+00
6.012234451960097870e-01
-1.478971713219083828e-01
2.169718072274947618e-01
1.314364789902206843e+00
1.267301691571844080e-01
-1.545039552720104403e-01
-7.671371660858226083e-01
-9.648499169327076075e-01
2.175178477975914237e-01
-1.384183473363686856e+00
-1.914702893120044935e-01
-7.659782235513425963e-01
1.840143240230176724e+00
1.343900647684377780e+00
1.310187068631591512e+00
2.133295093150848754e+00
1.237863812248829021e+00
7.330403287007699609e-01
8.225075519439509764e-01
7.363420538275793348e-01
-7.869649869531378794e-01
-7.710450205969073822e-01
-1.669630380258483315e+00
-1.317313652456111095e+00
4.451606871536109011e-01
-1.478353960845848469e+00
2.037539045785408398e-01
1.666758806897311374e+00
1.420001953041874598e+00
2.463516349767342462e+00
3.679182085266448965e+00
2.028895560130186571e+00
1.367170075079445546e+00
2.783202585858344236e-01
-1.062684185117894753e+00
8.405493969316998326e-01
-6.624804321211503755e-01
-6.200592474703351398e-01
-9.574753632351122867e-01
-5.474823990404747986e-01
-8.133935227989294026e-01
-1.609979532084884757e-02
6.786634277527812120e-01
1.851953223775129498e+00
4.943897562263255274e-02
1.253603741747633116e-02
-5.977209631128409528e-01
7.997352243498070390e-01
-8.757105363687841537e-01
-5.423409154782652397e-01
-5.285287233489479597e-01
2.645042799975049763e-01
1.023967247693384097e+00
4.280731715589158881e-02
7.011669391276271757e-01
2.328859168793788736e+00
7.126190436623658364e-02
5.800247296775320471e-01
-2.971954946115040741e-02
-2.012865991614527506e-01
7.942749874187131354e-02
-8.298258269793337139e-01
-1.063043607036355143e+00
-1.514150315821734427e+00
-1.554489868327861846e+00
7.711884898936322008e-01
7.777769656587538716e-01
6.142577607981198895e-01
2.394144362379196700e+00
1.809212284340857790e+00
7.590798364608045690e-01
2.366878185172895499e+00
2.560528508789939872e-01
-6.267708062494075083e-01
-2.102667463532777337e+00
-8.663928921098773550e-02
-8.328639167752470707e-01
-2.586740971961998703e+00
-1.674888810147974416e+00
-1.537759898406115600e+00
6.689342282065879886e-02
-1.512893648611823405e+00
1.866131252470292212e+00
2.557169814823470055e-01
2.550251905347723280e+00
1.626602908568569372e+00
1.143376116875691739e-01
1.632035649820155143e+00
2.640058627767950306e+00
8.329024679128805841e-01
1.547746479405386566e+00
-1.478953170006316986e+00
-1.778982161045959298e+00
-2.139972490644780567e+00
-9.180033860789414968e-01
-8.272125050762403342e-01
-6.803359145462863911e-01
1.154730334485496446e-01
2.334369785731260638e-01
3.005114322896893508e-01
1.888795729384280087e+00
2.017416632046948877e-01
1.380536550791436445e+00
3.344480303144850453e+00
-5.289973913657035620e-01
7.693604254380541629e-01
-5.315159544644654233e-01
1.779359376268576654e-01
-1.701058958706575641e+00
-9.226965748553098701e-01
-1.720014858861847129e+00
2.419330104872692289e-01
2.782322558904063992e-01
1.161681807542594314e+00
5.492432422213542331e-01
3.435288699188105976e-01
1.449517987037640898e+00
1.381089425684674854e+00
1.973581377621530075e+00
9.335682353602747785e-02
-1.045820894399865697e+00
2.927626861205051556e-01
-6.790392352481984251e-01
-1.292600993418701494e+00
-1.711039144307143545e+00
-1.515935842522092791e+00
-4.573564252149463494e-01
-1.510007395538589314e+00
1.249229710851462727e-01
-5.676877312327883729e-01
5.736108333373062251e-01
2.941938605262984785e-01
-8.220397806934951479e-01
1.264758294040539521e+00
9.886136169758485970e-01
4.426138238921624168e-01
4.313504243670575056e-01
-1.482789100813994843e-01
-8.637794946690833253e-01
1.918134196938193314e+00
5.918235589492975013e-01
6.438995676571140914e-01
-1.936963699369136371e+00
5.874795022487235840e-01
-1.519553702921038418e+00
-1.317549151489103787e+00
-1.507805283053144096e+00
-1.427625329629103046e-01
1.688103298101630845e-01
2.576600312183485730e-03
1.500928695141170444e-01
1.758652790510389252e+00
-3.430127730194554303e-02
-2.039860273262434909e-01
1.826111072168014493e+00
1.232051773734641475e+00
1.710882046272022006e+00
-1.048658655193946077e+00
1.283779985525523859e+00
-4.996512926417573941e-01
4.887008418268393717e-01
-7.408723372874082003e-01
-8.381791867771440918e-01
-8.528709260608393627e-01
-6.255111101782437899e-01
7.552837444043658532e-02
7.624922771074044148e-01
-5.612067244108924768e-01
4.385391314877029600e-02
1.129881318202059948e+00
1.052846006380812049e+00
1.788701250022166622e+00
6.686829682892944104e-01
1.178103051087352249e+00
-3.217511347575657266e-01
-1.966125009126950873e+00
-9.250289082601248491e-01
-8.212667517216332147e-02
-1.474450308561059408e+00
-1.099681627202555800e+00
-3.293139265994694531e-01
-2.590725914470715097e-01
-1.232240385705290597e+00
4.631932023264484499e-01
1.931994870275605125e-01
7.836389639139520469e-01
1.707154662954962987e+00
2.762627053413254874e+00
2.428088100534917970e+00
9.674223716260943462e-01
-3.708561348624419551e-01
2.685074058395543473e-01
-5.111508294393692919e-01
-2.318269856492958525e-01
-1.766614644749220808e+00
-1.268351620056534568e+00
-2.288962563005359385e+00
-1.153754023572860499e+00
-3.652657936706533714e-01
9.407935268555834840e-01
4.926069001601520725e-01
-4.269337867523197438e-01
1.365253502227397719e+00
1.629512366923575817e+00
2.117261001692695821e+00
2.335330267799615278e+00
2.471565125227426218e+00
7.031237399522805021e-01
1.496735085267955068e+00
8.328661119099451948e-01
-1.519915137110308123e-01
-6.173206016712273758e-01
-6.014340052666888869e-01
1.576622064310692073e-01
6.605813335372369144e-01
7.971509484790955113e-01
4.657699149311704812e-01
-8.839530903537928808e-01
9.266392695930980583e-01
1.853870778731869340e+00
-6.883121865317143317e-03
-1.476802548375357738e-01
6.730782566835283864e-01
1.014376280215785853e+00
2.695732453489482427e+00
-8.039580335268714517e-02
2.922428965536119083e+00
1.023050511262632023e-01
-1.009737148907717152e+00
1.125272256481382183e+00
9.695151755400942539e-01
-7.771463947282453155e-01
-5.516101550426874556e-02
5.211164428178788333e-01
4.537616850084596476e-01
3.008890604838658778e-01
-7.865984522185607286e-01
1.649430393059698519e+00
4.927305571168647536e-01
1.355651834405409595e+00
-4.212180531508069592e-02
1.194577850858604018e+00
-1.029055934795120031e-01
-8.541992063675707403e-02
7.196561055119465866e-02
1.115335415956919762e+00
-1.263873184728455668e+00
-2.130702541594314603e+00
-9.692610134268859756e-01
-7.323657005777322038e-01
7.516336921921397130e-01
-9.874367383657740582e-01
1.073365865592058821e+00
-4.571088316218432368e-01
1.792221471226532747e+00
9.853887912866701182e-01
-2.761076169496001764e-01
5.898838672233838176e-01
2.107293979522482985e+00
1.960629118523305792e+00
-7.549507168795202006e-01
1.188832021541322170e+00
-2.240167952330229806e+00
5.706031714529171683e-01
-9.075598577938955858e-01
-1.212729827367292845e+00
1.367890254365484726e-01
-1.201040398831828337e+00
-9.664438406388458080e-01
1.170352880679866592e-01
8.104144925522800413e-01
9.549985109505132463e-02
1.412034101759510607e+00
1.086974176540015380e-01
-2.916169423067958011e-01
-5.715249948965321902e-01
1.476456544603000021e+00
-4.367771110039933014e-01
4.488857387738028892e-01
-2.351033753695901951e-01
-9.325898247467537816e-01
-1.944755270227179089e+00
1.561444967661043126e-01
-5.382148487812881132e-01
-1.241351973722499835e+00
-1.572219233705818731e+00
-8.505399681807063184e-01
-1.475432562280562632e+00
1.074258288604849287e+00
4.706097315019899252e-01
1.165362294482125360e+00
1.740644563945380252e+00
6.511802238757309347e-01
2.267262373198288383e+00
1.636626827320554423e+00
9.238085704660738973e-01
-2.146947907729601646e-01
2.172968017323824164e+00
-9.392968304852565842e-01
2.750324943004828881e+00
9.179230296880085405e-01
-7.978572243261944363e-01
3.593873692042766077e-01
-7.288415322360973780e-01
-2.300022034028517126e+00
-4.202063152982548067e-01
1.720945629736079674e+00
4.686208982732367190e-01
2.209195362732090384e+00
1.686024106892729080e+00
1.979337387060856379e+00
1.963818047285769364e+00
1.808001016831317420e+00
1.258576869135584531e+00
1.121204102006974512e+00
1.089684184824744717e+00
6.120070476855221653e-01
-1.599219270516561153e-01
-2.124574730677150081e-01
-8.972063776667806856e-01
-2.082426107005279192e+00
-2.220571527382311672e+00
-1.312633418234299132e+00
-1.361629546487962417e-01
5.160955428751302643e-01
1.163451973265534400e+00
2.942414683560861999e+00
1.825801706238190603e+00
2.533015029878533664e+00
2.559414372680504979e+00
2.868124159978402865e+00
-2.507992199763726671e-01
7.351895395600358540e-01
-2.971608333311154038e+00
-1.607833282764658200e+00
-2.305058867488777974e+00
-3.088588016652140666e+00
-1.694338031425340452e+00
-1.876204011228818080e+00
-3.754360123253293047e-01
-1.984980664706799125e+00
-1.736250000968562746e-01
-8.847969829403017350e-01
1.131201403599723321e+00
-6.355187261372046148e-01
2.083327544626455696e-01
-4.696162072040884761e-01
-1.052117795520248089e+00
6.659820635612297979e-01
7.988002822650663859e-03
1.172683287992127621e+00
-7.279506951212382226e-01
-4.036095573287523663e-02
-1.331667965859969049e+00
-2.659254938840802218e+00
-7.802086640754498648e-01
1.251187319473466841e-01
-6.711424802813307222e-01
-1.305549154830590197e+00
2.314738732698635282e+00
5.806788882581184197e-01
1.843259231038927748e+00
5.843296595030311735e-01
2.718149594133931757e+00
2.560999087345350311e-01
4.873390610814242185e-01
1.047276722714556296e+00
4.974670321885799051e-02
1.243032396658857008e+00
-6.573311382304383166e-01
-1.222480133472254593e+00
-7.013471994275344290e-02
-1.269213175325546672e+00
-9.354487841482129751e-01
-1.457323100846108499e+00
-4.371326874462778123e-01
-1.538981750994258546e-01
-3.263114784483726050e-01
1.159860017284717104e+00
2.482721183117445385e+00
1.873037283506068462e+00
1.925233117023699370e+00
1.266669679467065546e+00
3.156017607057946872e+00
5.447056482864109928e-01
4.569512889699184344e-02
1.921114128264605592e+00
-6.868205503863614725e-01
-3.191167104410905786e-01
-2.468354897535882664e+00
-5.371575134879081892e-01
3.444805741551671963e-01
-1.769397298760248427e+00
-8.874381388907970347e-01
2.459849608440213498e+00
2.182129818067694238e+00
3.243880700689991237e+00
2.309715843566711335e+00
2.009775651859614598e+00
1.829980292488389448e+00
2.475735319135552004e+00
-1.620205584041994884e-01
-9.472933621191934606e-01
-1.014637493479114472e+00
-6.231540323798580028e-01
-1.257119314372617591e+00
-6.284223955600940492e-01
-3.511800086370835405e-01
3.548964684531809022e-01
-9.560669952695426410e-01
1.072503027939821552e+00
6.381892753516013039e-01
2.320008217002887729e+00
2.750365354217863878e+00
1.141773758455042032e+00
1.567446242988944860e+00
2.604872092694212604e-01
-3.372357211832995305e-01
-4.402507570604953790e-01
-7.565760098210786433e-01
-1.202570050389379253e+00
-1.600235671744507870e+00
-2.002280748223522089e+00
-1.068495635914266106e+00
1.234831946460247964e+00
-1.419137897707515528e+00
-2.788286547738855203e-01
1.561009980675772457e+00
7.039340235720588090e-01
6.412802685118055290e-01
3.766622824807246417e-01
1.201097688007700670e+00
2.000064060961402213e+00
-7.265913211001013838e-01
-7.934987930082539886e-01
4.870492479289573740e-01
-1.697515971940151580e+00
-9.559127798576407820e-01
-6.160130327483753776e-01
3.013731712662185425e-01
-1.917850962225015277e+00
2.082666536040278515e-03
6.321690291229722369e-01
-9.536154873979489910e-01
-1.116970329246577576e+00
7.330998667353045839e-01
-1.234103604062801507e+00
1.051512211865002433e+00
4.859073876655934376e-01
-9.258670152360636285e-01
-5.046105051778623229e-01
4.632972616607556327e-01
2.101132875368581843e+00
1.496462739341551051e+00
7.659583203439277455e-01
-1.382335210929804603e+00
4.848560612058735453e-01
-9.151117890012354372e-02
-1.065281908087806650e+00
-9.684876738528975793e-01
-1.436626523989450455e+00
3.523149751109134753e-01
4.296333245585830518e-01
6.848801204361070205e-01
-9.512656073647106636e-01
1.421601592827163252e+00
2.827804765846901880e-01
1.749658915200126730e+00
1.666583897071482356e+00
5.835395561836826950e-01
3.824320020876026960e-01
2.032245227836618207e-01
3.911581792803683344e-01
-2.461245256857383712e+00
-1.607570249517945360e+00
-8.293731892700901831e-01
-3.331493170275479088e-03
-1.174215454767402633e+00
-4.279245220461045385e-01
-3.905673488452877651e-01
7.893615592785234725e-01
3.531364952972394278e+00
9.831087036426275905e-01
3.678714574463098685e+00
2.531314746412431926e+00
1.375330278313037891e+00
-1.194640877854793892e+00
9.562073633337554446e-01
4.266757448619738768e-02
-1.080347969518133500e+00
-1.252590831752578904e+00
-1.543983963982637597e+00
-5.888055531115770069e-01
9.570744594336213495e-01
1.078662102711460236e+00
1.825415753754271453e-01
1.071613978786403187e+00
-9.015764233748857492e-02
2.192675411516411987e+00
2.121809826887385064e+00
2.818284980566099218e-01
1.078271648518804637e+00
5.592863011511273186e-01
5.187149321153315951e-01
-2.392527164320740751e-01
3.998627792288028115e-01
1.171362630157467999e+00
6.126406547998620722e-01
-3.392626979263958509e-01
7.167089676944686794e-01
5.974769195418243584e-01
1.668311862546548063e+00
2.795944606286712153e-01
1.955788087748382864e+00
-6.362135403207135331e-01
1.117732861674752609e+00
3.953389361302058758e-01
1.003146796564891252e+00
1.854832431331497666e+00
-4.667555435131938157e-01
1.591510220085170069e+00
-4.464236118579564816e-02
-1.773722539910502549e+00
1.392425856650874927e+00
-3.933549693400846259e-01
3.902489102654876363e-01
2.992217029708954090e+00
3.385958920077490886e-01
2.408877256296543479e+00
-5.037296454987360006e-01
-1.327530674010753420e-01
-1.731114348548432602e-01
2.629448554351293543e-01
-1.842888610741770239e-01
1.346171932179198172e-01
-6.712179830820703685e-01
4.282849925696499693e-01
5.861639946887078345e-01
2.366133115117823760e+00
6.820132397057986351e-01
4.539085200194519221e-01
4.239190453034444861e-01
7.695984241612087162e-01
-1.514028381942148727e+00
-6.283483112634541401e-01
9.555167838847089534e-02
-9.040785572042614460e-01
-1.023974863108715549e+00
-9.233844569449645157e-03
-4.849736775156509028e-01
-2.016110338899765875e-01
-7.610551607277665775e-01
1.396520459080203169e+00
-6.497831158064382162e-01
2.348543731442964244e+00
-4.834319605032216804e-01
3.500277122007041108e-01
4.045604221495257558e-01
-2.980583084830059626e-01
-9.211856306478226619e-01
2.674484485788215515e-01
7.683094781776789173e-02
3.388940606517791276e-01
1.388729082710917773e+00
5.123912666374103031e-01
1.270657920037133293e+00
3.980516140542499359e-01
-9.419143370396620973e-01
-9.359558326201466993e-01
2.873742216423731954e-01
5.811650706598779914e-01
-4.642353615931595900e-01
-4.254754494224031736e-01
-4.292314165900530387e-01
-4.960385001224001944e-01
1.175789521101603397e+00
-7.084038070273807053e-02
1.044230584398812001e-01
1.692871342945383439e+00
1.337391371553238617e+00
2.067348543851647236e+00
2.250609108757162247e+00
2.446201383379095762e-01
-4.764944779212649251e-01
-3.533708349232864143e-02
-1.100563642300507627e+00
1.931874220885690940e-01
-1.261420221237252282e+00
-1.085212670912556021e+00
-1.665610777984419810e+00
-1.309011342200298467e+00
7.833191061858221227e-01
-3.701040903593300624e-01
1.515323455250403351e+00
2.285182085462961865e+00
1.196477546983140572e+00
4.209075642408468543e-01
6.520098360703571183e-01
9.125825832007585792e-01
3.468624353531124527e-02
6.664718269240192949e-01
2.204189776645179233e+00
4.098460579742569942e-01
-6.297629782259415165e-01
-1.878970054481459373e+00
-1.900618350960467662e-01
5.847490335387874882e-01
-8.162249660718001731e-01
-1.404978516174257286e-01
2.345305049713104217e-01
4.754423516748190748e-01
5.446812159805016762e-01
-1.145788222613500551e+00
-8.347637803534905254e-01
-1.553457669834212851e-02
-2.727291745492126829e+00
-3.662226144879451306e-01
-1.678823847298481331e+00
7.267760491764601039e-01
-1.253853790399557244e+00
-5.711271907975516982e-01
-8.781220498952705400e-01
-1.148902752064881794e+00
4.226915591596326349e-01
-7.506387772093787714e-01
8.400431004101982513e-03
1.538602818695770091e-01
-1.489331154610511188e-01
-1.721808027596260171e+00
8.268655005137681702e-03
4.253089802579979040e-01
2.773723433175974695e-01
1.423070612422916659e+00
-1.649180946773074474e-01
-1.061335310658101605e+00
-2.364456513099972568e-01
-1.128481336407494373e+00
-2.611028891335550051e-01
-3.820423098152544439e-01
1.814978377160700873e-01
-3.865117816609553447e-01
1.001273028692043043e+00
1.279429877075922484e+00
1.258665322326053992e+00
2.193126867168509797e+00
-9.295633842843675776e-02
-1.936487225330981721e-01
1.795550095772504295e-01
-5.589963288518801088e-01
-1.620717465068922891e+00
-1.516954982995987189e-01
4.514870976144692571e-01
-1.215589902230370445e+00
-1.567056004715542405e+00
-6.024021003646862216e-01
2.862888351530651576e+00
1.555442409678904347e-01
9.971492920325015774e-01
2.142624474094810605e+00
1.396981646171870928e-01
2.466224469562217081e+00
-5.038374853416595078e-01
4.177972484614810855e-01
1.808519534169699572e+00
4.746986682106112410e-01
-7.971745038693069940e-01
-7.056829854959230097e-01
4.813695419641824125e-01
8.947542994584549714e-01
3.797256112053641608e-02
1.001227638709154988e+00
6.760751686616990330e-01
1.158403508069052679e+00
5.299302325564214655e-01
-5.281110372868635938e-01
4.901816819354405386e-01
4.973440181761001888e-01
7.282441217749980877e-01
3.658910105543654034e-01
-1.148530963201161992e+00
-1.725542321912808541e+00
-5.951769411742381388e-01
-1.670544454991637728e+00
-2.889837771336274397e+00
-1.370760244978332487e+00
-2.134590901345464697e+00
-2.767007797875438158e-01
-1.914759865569866548e+00
4.606524884662899222e-03
1.179077461561662599e+00
4.063042463738980592e-01
4.112457289913037939e-01
2.111248467140914631e+00
1.190749435779038246e+00
-8.442340059661849194e-01
-3.751380282322587245e-01
2.518854281628964964e-01
1.220120077718718499e-01
-5.179689593715934848e-01
-1.299335659972325807e+00
8.209592748571383769e-01
1.317203126586345308e+00
-1.087780476243116912e+00
5.451953789754452329e-01
2.026626725756697667e+00
1.868003330445281662e+00
7.049085346505650218e-01
8.933034469971539160e-01
2.018248511456381955e+00
9.346344361965306380e-01
9.283294717244526817e-01
-9.196886161945980742e-01
-5.509678013613433789e-01
1.573303732915784625e+00
-6.130957542092578538e-02
-2.724090444307798453e-01
-1.835336942531573978e+00
-1.182822871883957072e+00
-6.702219143701975135e-01
-1.085974106783787141e+00
3.977476910069097094e-01
1.199719013260738709e+00
9.377259443966682317e-01
4.117700253006942646e+00
2.612233910794159897e+00
1.704708125024095633e+00
1.286989805843302248e+00
1.659074401474953664e+00
3.006186456163984499e-01
-4.195530549558851852e-01
-1.108003424250524116e+00
-1.469282843720162379e+00
-2.846126126843740778e+00
-1.922189601559755268e+00
7.426337783176941709e-01
1.004405424368993160e-01
1.533249549283917768e+00
-1.053133898822640191e-01
1.410396926502706982e+00
9.736072802114685842e-01
1.731305654169183805e+00
-1.448664994413443319e+00
8.494024136508223632e-01
1.922885324031191612e+00
-1.453332811376442657e-01
1.637886051019830980e+00
-1.519747106144782034e-01
-5.644629330308850168e-01
-1.415785897111400349e+00
1.898786634371818050e+00
8.356361470140136749e-01
-4.999879118150774571e-01
-8.833092039589294231e-01
1.266624116163518998e+00
2.338958545030811464e-01
4.877380010725393955e-01
4.183955412558870712e-01
3.161845312455699997e-01
1.847679777245074373e+00
1.184101525568649560e+00
8.775594819573082628e-01
1.315513304650959281e+00
-6.312138167040469705e-01
1.442605924922685023e+00
4.495805050357435939e-01
-1.454042332492600620e+00
-1.507531036977908023e+00
-1.670087229144008312e-01
-1.863746680532504474e+00
-1.837357340528727789e+00
-1.014303835050621050e+00
-1.216398400597102247e+00
-6.949327720780518192e-01
4.355149878593330692e-01
1.679822719807629872e+00
1.013823099978963915e+00
1.637082557579275122e+00
1.697451482350929908e+00
2.650314182942994812e+00
5.425102795653665710e-01
6.511306666021967615e-01
3.616365558341052555e-01
-1.634721510196941674e+00
-3.511534597411574588e+00
-1.296228595063560807e+00
-2.629034493156213959e+00
-1.602783025680690310e+00
-1.865114455167756091e+00
-8.717662100318382956e-01
3.462337830149779361e+00
2.138289279849520330e+00
1.320892531267929160e+00
3.875808799902922264e+00
3.293320427634736980e+00
3.031093788908244324e+00
1.197431027168823547e+00
1.019945243168541849e+00
-1.398109887172956478e+00
-1.799460122779365623e+00
-2.479221517459025748e+00
-1.336648767904717872e+00
-1.634139029749757110e+00
-3.957827597765223304e-01
-2.034657029938786721e+00
-4.085456153505723220e-01
1.890684546962121404e+00
2.523046302128183260e+00
1.886849464016012057e+00
3.166961626047219980e+00
2.907026890328208157e+00
1.662632180044662400e+00
-4.531185263920067818e-02
-3.553254823394294548e-01
-1.324024003515962278e-01
-9.934979820079459234e-01
-2.198589515346149881e+00
-2.835514669701791668e+00
-1.152805373232392405e+00
-1.224043185894569952e+00
-9.605875724926594694e-01
1.937535541960240804e-01
1.013120951582990648e+00
1.885725246090033336e+00
-6.252949062120622958e-01
1.147497313285512188e+00
2.059889969893691664e+00
1.189416443875752405e+00
1.080282143380078441e+00
-1.638336965412381385e-01
-4.660809425827611152e-01
-1.697136670633109912e+00
-9.445632435170647767e-01
1.165700086585585993e-02
-1.174015574745437940e+00
-2.822910271844405461e+00
-1.323339101667595941e+00
-1.177291436694240190e+00
-1.978705140129147777e+00
-9.145901048765715802e-02
1.385110403163947179e-01
-1.249213598058573016e+00
1.624780568950170423e+00
-7.192597868680767892e-01
1.390063765166881016e+00
1.938137191637045120e+00
-1.269794269046498059e+00
2.098046784350915850e+00
1.486193170415775811e+00
8.076256191503412563e-01
-5.506227007617794239e-02
-1.177490049146492579e+00
3.435522365108797382e-01
-1.550910035506170015e-01
2.579428876467171339e-01
1.326459396723256301e-01
-4.067215678252339428e-01
7.793670532799906736e-02
3.848971240524157178e-01
1.995593442939705309e+00
3.143341079294478924e+00
2.788750321612076366e+00
3.472767063757232542e+00
2.093022979864271438e+00
2.840494492571177254e+00
5.137784126464400858e-01
4.318153796849717452e-01
3.746951489785911305e-01
-1.102400605240412279e+00
9.071814684387402572e-02
-2.001127084458415695e+00
-1.511391318027161867e+00
-2.059795523554581731e+00
-9.715222849650484438e-01
7.862842788487376389e-01
-8.721762271324252636e-01
-8.372561253660038005e-02
2.926476830047903377e+00
3.751690077234028031e+00
2.612965699383749119e+00
1.787670081227175523e+00
1.096079090523630839e+00
-6.335690435372302032e-01
2.207142140295013988e+00
7.983008723607292190e-01
1.147992563644531172e+00
-2.219161857038081997e+00
-1.770232764272670067e-01
-2.290310617927313608e-01
-1.057334893429707212e-01
-1.734928039538072619e+00
-1.575723839602543030e-01
-2.841488259365626545e-02
2.278175565157220639e+00
-8.590693390083308234e-01
-6.344256505204194374e-01
4.921195652911414253e-02
-6.142844409133303429e-01
3.723439720057407087e-01
1.757936837742737346e+00
-2.105825994435914783e-01
1.988275464376423884e-01
1.828335154755820868e+00
3.919461983614225820e-01
6.324035663813092345e-01
-1.246419299182092710e-01
1.993944520585762270e-01
3.400958055570444949e-01
3.146139027784723430e-01
-1.555888855466117382e-01
-3.464129804516433153e-01
-4.692142K'j>B'Z+C'P
,*U`-*4yrPw2C|	$k:] xq(+M6aVF-<;ugHqG/T8iI)~@_}}kpMW9ynvpkploG\B.8ֵE	O62	-; 4[e`$`nUWୱã"#tFH`A r/A 1ORB6BA6S 9{Y/P:#DN7	D
NܜCG(A/67[uTg0٭ڭ͕!J(s~aR2'Ivphtw:ʈᓣGxP'W@^ E,j9J'U@q?+\-C&\_Ʃ1*z#U1Ąq <9dPQ#(I 66Z*	FVpVG$o#8r|ާZ0%;=પt­WHۃHU΍B<>8eNP6 <,s<SIm֮TDW #m^Tq<`kd@P` z.V*	޽8ssǗ?_j%V

|8	t?ՄQ59eCnU
MygvS౗!lSMZO 7S]? [$x(BYUui/·;Ccje)ddQeZf>A"euP?,<IZ!Wr0k*u&|6tF6$,D{D3̕5߬Z)(=рjE*\	I֞68uo$;<FVnwz_igu\'>]Ta@ JL>ux?7Uoإr?3
<+Hh`*ū9eW0lڻ1ĵj^H#t	%b_n)`0~x2N3@~<|jL6eeGE]bdPz(C&!q_̙dX[m!}a{%{s\i|@Q	{"qteU@rFI yOmGo+0#ɜz6pva㗓&srd&{83Cb=pU\9'\OG'G/(i|_28j`@kڍg־sı'jř>x`|x|S8$Bx^.(=]OȴHX	 7OhhP6xHb_ @[L] $ d@gnB xi T{Z g.h,SGID,(8I/7;5?Ka) yN%DA301FFbgg}NixWVu*|bžBW:#]z# 6]0H);9^MͱVj'/?+VrFU6mMn[wbZLp|;6l:Զ9سG LHiWU\72jm a.X6%;[pioVcfHhd$,B'A@6.3AdC2ei_Py
zhޙׅjZnwΫyi}|
mHU	9lv/:5؝AD6[0tNE#ftDL<w^ԡ8/J?:$	dAθ)Ѭl҅ҫq1~#DӤ;m8qb|<OS֕hK|_(0?	PsxODZ螦<j8 pwWwpG_+.VAg (9+6cuHI@C|K9J$-7z+hVpq22)]vµJAb͝	)2C3FrXk*+8ڎ+ >lz2'*y
W_\&ɮ/hñȃˀ^/f3X4f'x;p\WH9F8*[Yޞf@Z*)X3%Iv2ߑ ȃj5,l&!4Ta̒9	mF~B McJ.V/"zE)!S#5E|✵ΰDy;ø%: zzJz7|MXPp@wvI3038>;HP	ڴ)i:B*?
T	UPj#l̫
9תNvۍ	0`,ihѼgaBѸ曹{MQjj@k#kjt);26}W. ix9ʠH|X4jyvZ>fhEE0HB%~4̗%XeJ?AZ xuizg:/IsKavOP&@scju0A,#π[*񪬇KkIkU)	+9vWEpS0W-$Y> iF!k{P}琧䜃1&66D;)8W(ܜ/pGl6>cK!z8 G.Ȁm&]4.?Տ?ߠKW.oK?&֠]cF`K˰غѮ$fy^IwvѾ(*1)ѱGWV;V#^!C.TDyb5i<# Zp
-MފZx:"J! S@!n(Iy:r?ST
9^t$0_uUU5ZA.OBt + Ij"
QM^p(Jq.o81} wB'x PQFkdAI&>	}oqߥ>3aJFE]K\~cIʅA|wx<.-جNu GOHprk.I p㺂v"Go1)<)BΚEq)'hiz5 UOvGU1Wp5|"80U=`ʛa@x0aFi ;OrݳcAEƲ)[Yh`Uy>A>4e>%5!᫝dU#M=$`CA87Dc	,))}nrܴd+b#	Jx=-]ďtD_ip(EJlq¼QRzЀh/5إD;Tq-x](*c$^` П)D];Vx*8p9Sg?*-N1LPziN  Dpxq!iT B:jh~PHuWA'Vsףo>pWB$ t]/e]z`ԕqwxH;p4!9H#if -JI 		 ?@(q@=84r$Lk*86q9,sdE``+ﬆa;,ݚB\N/=}=xcUKֽʓj|\yV@AT¶׎$U!a"N{̇,y2RVequgXm,≩JTXP-Q[Կ?ŹSk"#f`ǢKB+!HǬ萹ocjk0֢@p}wOEqYXN+y}??[\r<nGY*|ټs$\ 2X5剳#@Asf ގVY3Q 4~Y8̫`6݂=F o%8DAŎᶊɆ>89"Aoi<؇}ȅ|]^; qH{*A1HY
8'  qUvDQ5DZ\80v3>qIfk="7W2*>}*C,*MSOeު@$p޴N!qiXb%aKeCyx.L/ &dj%]y2t<%p待k˞+B ]Lle\WF%BJpSG499OIUɐM?BO\hH7??yOZg!۸@?#ՄۮvLBF_B\
.(hƍp~A[R'HbOdj;|%vngv]Z@}}c.BLAwOT@<yȝ&$m$tz7
Xlo9O$*$Hv08;6КF>:^Gb53$=6%q̤Ē0@$b"'_!bHӓN52gBC3H, ~נuFI :(g8#-Rׁ~:So
-"8qSWV-EIFdRp֩4 Bc9{ULz׾4J0vL(7IM\8bbndw#"+4"gUNd}֮`k󢰶0-ӆ;ά=GeׄC3e6`!%j\4seC\'-{w% ;$򱲰8=oĮ>bnӜ_  Q\{P4A=K3,5 IV>f y:CVS1slo|!jB29P;L|SPP[u& h%˵#J#_<`2mG-Ph4dZ>MD)Sj!jhra%tr%"HKEcFS&BR";|xdCodKԄ5XK:?QPr({L)ZS`Uva\dA$4j0Dl tNTO
~$Xs
yF"pt{aȅQʨ~6BIcL6
@SړZ8WvC|}&L	lhHpsQ$XW~蕋&2Qj }dsXA%X⏂\=D%ԌT{+Ĵ~dGatsN+Ot2F'bыYNV|NZxȆXbe0<+(
GRP=FS
2m`Ga]&)?K #U%J G]
wr\Mik}~MQ#1<	.7G%%yHWO7!phs:A0̭2f:.L>I<dvʊ(Gc8	svMDWBJ̇JɛiLhѴ95 w:ԉUl 2U^#2	W%3!xIo@_mR j;Dе[Լ=HP>o@-}A(ZÕ<LVSJayBr"8Еv:!u2DP.]Ah.%2W2/presa_8H~v-fRrGb+w4kW@f¢JxAU׶%o\ 5_XuWgX$oJ%J+hDK{*"pے^5U&.<={لGIO'd00(p8IB2c_4*LjsTƲsb%}_Mwf??ې~IpT3^cvp"pdmбVNx4QLCәϺ@|q6C-C9f#&6ȞHbǘ?ΙbPC Q֮
II)hs[f- c`;Rc/0d8, mK|jg= ,z槟/XոC1p!ucqh|Z\,LqrΜWC
UcQn 
@zmYG0,nyPPLTđ㔢|p#Ji
Qf[0K[ Eo&?@舳L!	OŧRFT%֘	ur|^:\[N\mi6h-Iʾ3$@EYHT m;\ 2C	= 4k}ƂPy9M`Đs	@i%7bËX@]E\z<ԱO= ?P9r\TH'NwYI2th_Xn1pu3M" ٵH'%C8ճwfѭ/"JH"ĐilZab?ZuMeC/՝*(A\Tz{wTDÑ.n9vɬddSwo"D<yG2;c8<\Ib=FFBr2y΅P0ΏQ7UI <5#/Dߡ+EQ=oOrL26\&k_8r1I҄q&qUOc]!(G%!JI»o""*̽pNt!5HAOoFszʆlHN9!Fi&WJRfE|N?f6%DVU*G I*Ӂ祥3$}dEWBu:KJ":7oBS# w"5I07$`Gh}scFI#"hW#x";PD̖H]⠦
|(-^>)"FYD;-TMENωZX	CZDK
==q'0s5/u!%~$ yDQrdJUo|rГMI(3NPBeN"u2oZ++Wĺ}x_qr̼QPp7&Ndy(8jh@s|V FHhk>n
"|00e/ =<B=]	j&JR,-"X=GXE,a!{DAAj{bJ<_jxH<VN(]p,TL_I,3ErE,Έ1+'pC	mb&˅q!Mڼkf*$
_-g|	 5+_xi4	hMF^@	Ϲ5;&ܩy@JAqU_r8 !Qrv#1MDS
iQ&V|TRщdZT/] ̻1bO*wZ bNTp=k	fp9l9S.sl|ea[ӜT?Rȕ`r;p2gHSCuFc15fz_gJ0R%p1g! vLd
7ЄT s J6g4H[^jf ]|^刪GO+G|'dXv8jojiXPJmֽ<B'p77L1Jc2eY=9bDus'eGɅ<xr$*%RW䆣JMS}:žNŦn!Zm34ya{brkŊ/^Չ,y?9
}HxVy6 s&ĦhCbmoIA$\7!1eţР2,|3t
-^oN<OڔH}+ b\n((UfD1# :quGk!)ޤ6YڣѢ8uqzM nsq`]G@GX-'j뎯6O8M~VIc;RVVəF':ԧUt\!&AQK HτA$M7L&4OWcȰG4aӔ'5	,h
pQ&н_&![ p˜ʔVlD{ꋌ'VDS^GZ> @9nGmX>WfZI NRR*ffˎ1Xr+60*1qmCo,xThډ7pG<w&X^̅sTQ6A()[gH8cHVbZt,g+(x]f2Zo2Z] zѻwZbe. |Dć%e&\CY5}+lSb_/+F*/ܣlG&'9Db2CBB@r#,:ytp.8RGBL.YBRs# SJ/1ӹۤVW^
qچL+Ȉq[fq@ݙ[bd."$l	`H:qĉ6HM;cY/) b%$"ۍ|Y"hMaJfx]*#dw_ҡls0D1A>+ w"
r*mTnI \qBA]^9/"Z	T!{Y9*O9o吉s\e\fL3kgi9e
@f}d=p)H!;x:<=&.}2!|5;4jo]cUBޓ"FԪUj$h+lCƃ+M-W6o#14xt%+ڗ1/"fb\e7DhѴ!Ӵ,#:| ԍ+" 3y-@r<eMM@o)>:$T9|Aa$u>3ӌ:.DnD]5ţE=ΣU[K2?EQw	$SFgGM0bCQ [b@h%PIS]xD>C@Z==xO۵vRQ;<B&3ʞY*1BH%+Ti<jjNRIUP	Mmg.q-sS2[)WFЅf&laĠ%|LSEbw!_O#	F?y+q@U"zo=LDp6%7\$ \TiǏZeB&MBsXijۢ
Lza#D"`Hpysʴqq=k<c@iKflni  o-V֨ࡪG
x;)"/|ztG1=Vlk'Ë..j,sIԐJ97)>>?C=Xi\\%~5ko|Tu¨8u
Vum ruoTX?]e rz\ EgAL	AWԽ$3ʃMQHJHtD$'b_4CS0(,_
 UIMlgqCy?5sr14_7ɫL|S-<BO::yD$з:"<Oj0fYcWYt
{Y7sjk%0܈!
?FN>S2[|҆c|GȺ[5.!TR6ޜZH9;/:aNCM9E}jD|C!Ty$F\*ٲ䦪H/;_ՌHH0%C@ܖN,!=~h{z?h?&H}C© 0 JP$vekc jvm8ԖF*G{nvn?jݶ8;df>¢XP~)-{ῑ?'¨r;dYyT^"nʊئhʪus$T~&H[97bH8 'jjxZ' XI>(9]2D#uVݬOD<SWVXM@a8 YI.4s6%0{O:XR3W',dP{h҅H`𰣍"^;/&$͡գgxkOK[&'rE뤾n&K'4P%hGM譒YL ܅OW'ˡl~'V
KzRb)uop|b:@n"w1Duk8rZR&8b!i>S</?Is^B4f/VxDc4h~!j/ӵ6t*"Z_.Ha
^~}s!ڧɏPg(X{)2`tbe/.oKٔIjGwTضM|
hFwDV.te{QgNO+QA%J:+q{Q?O|&hDmSL(J9pq12֞Z!^ebD(R%UP[pR?IĘYy
9,w*ebCnc3!|E^Rt+l'^¸2'pH"J:W1&rdm\;_;$h8<0( |%hMJi8jS!D@!,CcP='fR΂A=nbɈMM1tmA8Ss+u!3[Y#"n)۳\H2~5dxr+2*WRTݥ̥3TUZhsO¬,;^e:I<1U&߄%hM.Fiyh63cǜPm W%x'aSٔlVkif1U!ԯD;u (\Cׂ+=VNcէzACgɡ.#\LHظciOr5xхl2<Cjul=F4gNs%TCN$wTy)c<8W]ywR~a³!2qBbm5]A<U$cb3yc	WEu0	RjS	i.Pmq-3DNZ8HRTnk =5V>_S{X3Hze&2Q_mh45+(*U37eƏ5kZ8)â)bm+𸿸:b69$M E	f<7@uGY=&^h&]V!S3D	"zӊkZX@ݻC^FtyB!$k}V9VGrol߀1PyXA셄$(B%ZS1s j&;]&`G,͙ue$y_bI̈́$sF+s(yarIJʖJ@Q7]2@m:w,j[ٕ(bJl<NnkCirUCN6,&#;7{⏔%@Y@FzFDa+U/=֙07&,9^pMICZ!ƶd0KTI|V>	 :^UqؓƟ1-:u]x
ZÇ',-YVOEjhL(6]aTNy5uGO]amDMLQ<%3*I%{!\(|ExX/,G"XZ(,TM$ξ.i͡diXZ 4EI?m]
s-zĬ{#~c6?LtlZ@[Okb5uD:h퐤̅`zZMf2`-4%d$HAD&aH6ƧP}~>7-_%)$x=JkŌ>BҳB;=#|oD8%Tz{h|=l"Ab֒)6+k!g]Dz<<,\/Ig8]e!{z| QsAفK &1T#u%nNg%fv˜I^-fI\rrUkV3:Z?yhfjzJo25d)9Nj>k%G!Ud NwxkDIqĨ,-,_"27e45Q$̭+eddPaq=u֕3J2ɂǥ#)<cCveBK"Y99 @$jdS1w5>+Ay3dEabGTp|zfdXT]Yo/g,jPdag#T<E<~ԢB*L>
EKKyfn>tQfN^b5C2rEעm4cs
S!U7n_K ÑrlJ*lOs)bb@!^Vu~1+TǏ'``'Pc:8sMo/?H.kUYWbGܸ%uuUFFqg;mbfBBg +=|pSZ*P_Vp28ݾo"!M9SѻXK1!Se/͵֘"9q+c'2a@/HBl<LPÌG6$K5TR)C G39UR#SLsm*5p#4/p>h
`cYN.g.7堚Rm*u%DNm&ia2ragE)	kCaos^!4IMEd\Oz(z3edNE8 gF+DufUSMGxVVbߙt[X"Y(wP)wJ_ȈCX"4mAϋEOL,I%lwelؐ|DG $suUmIޤaH	RZdd3
ӥ}_3I#	w#evqΓ%f<ݲg
21,gT5
@1[DZyI|f{@qP)#	i0qxD/=	$`Ÿ
i{!,~,	|Ehm1R݌dNcKG$ٿ/ecJ^t/-([jL4z!]/C[F7kyuQnfBɌ3h肋3n=&I -aiEI5 7	q6HN0ZBxh'ylcaE<'`ym-DVGyAדi-yIf"&J.$7~Vj.Ԩpeŝٮ9Rp%ϳ^SjMxR$fVr=i oJ#\tZ̿l֜p0wP^<hKEɆ{˗5MX7Nձ"Olbh@xe*OcqU8t?f<yS	IZE#^R~F/)pYjoy"WZڹUnƞ5UL82Ŧ+
R ogI= hJY/QM*!UtODV&C\	֊KPz=vFW1V2IK(EH>ZY1Q|!b8Ǣ+&R.1@kfڐovˌ!c 1M)1*661phSz5:! 
dM.|Ei8+XhMz)U<dv}!zDF/UxT1od0iP4l臊2/FǠ$G%pg2Y!Ҙ#l9Q@X.δH&v.(dJÂ}PIѻ_4cIG<d\pml
JU B6*5J.p!vH $ii,_k~i*JC1d?Ax%v-[>wd2׻Sat6M8~
߿)&
r5RRs>5&ZFǺ"Yk,gVHAS||Im[~ƃ7eR2ʣ#.r
j1	Cg}:7SVl,bJץj'<[dXL+&+E$u?
H""V*PX[;T:sɟI$ mt5ZrWDum+LKd8l/o@I6 o1Ls)yr(j֭p<iYrƨ"z2gwdPK[<yT},b_SKδ#ׂnyb(ϞZk{%gd-<Qc]De4&vy2K7q$l(Gn^2.m !)B		&+:!
+;T^wfˑff!_D()xmդԕO+Lڣ{&IbV
,]=xR*up&9IJBm-DvZz.5IV@G*ֈjhΜEǅ/fGɢI<kOW-;x[(	nHhW;Hr`8o%Z8$2LKW04dD)K fW:p'MyU9]I|XjTg)";LvNq?]ی,-$	>UrōıWDXIMq7ӷT$饔˃X$މ֕B 9 ZL 'p>;.e@XW};ŶO4`lTTUQG+)>_ʹs\aiG⼪أ1G!-\BEIcS	_R<G*$.;J[A򰯟M	A&|r%8M$OS*'0cNgf5VIfCML=e?WcʹuȱE?R%â͎<P68hĹmQfJK")$;K&NfYm|i3'٪J4
J`qQ٣;(R@B&Zҝ5^LdK)ax$ɷrie H^lKJgfwhddwdjJRu &@:c܄ɆA<=Bd4BmR19ц)r̊%$LUǿ@ESWn:v@arEoӗTV`wrjzx90X6	?Tt^|&o/H	_dӚÍBZ]6dGE%`J(%*tpl
_\h칬A؈)}]U,R'Ԇ!G'LTKI=i7zltnepͮژ/vZ]3A5!`}Cxs"0|?fԲ|in@ou
zʩ"4y9kCYDL:7.nHzuv*ۣM^DL!O%dDte$?zPR#2gꜫ%JAvH?΄&\qiiL$#
![tvaJ,lwCt8`ɹwrz±ws-\D<10;Y$Te%A]ڊ5m<I: x<ۻfsD/\hf΂ǘwooRĥMwIyP.MԌUߣUp25?>-0*ye-ͤo KM1t\9Q!Y5;Aov}I⪗4ȣdf `2ؠޫ[:/I"1hpJ֋nU$YNcZ<l"Xs:KTk!O"<>n8Z8L=T9Q[x=LtB((@*Wz)?CKdy8ؙkWE^3G]4,sqxвf6xKI_MSِ#}'^g\D[7#EK5NWͦGޚC
ӐW~r8g҃@+葏Mwfoޒv&{>U70|i<x>Mv	3r14ǟ>Wiش7V4+Nq'59 ѩK&EB| ҐCUbƳGcH3ґpY5u__h] 1Ȥ>1iYUqѿmֶKkRzE[b{.ZcσmmRI/rh#&u/+Z1JW& )5jSW:;$%|S*{s- pz	竢&1;\nMG&Dű([q5{ֹ6D4wFwKeӱ87͍]Kk@Eϡf>Tќyhdٗ0(%g|)6=Ryg=.F
XF+@ʊ6E";m-5FES r3,Z,8_ZNS^R~sFq9f2Qz͆Ż5끇>כANOV>lL&Q"T{Vs9݃44S,	7(@ڱU`0H=:QM֗jpMDĂ$8SȎ[W*
j6<~iKpl	nB/mTYUe3I9ǧD
jS۩:LHܒh_rȭeTVcYѴ,=LcPD6Mf vX<J푷G!J Z;4s\sy{Ցw3TmxQ[c잝
82)b2Ɣ%_\diZ+LfҤ4WhZ3:!A@ut8+MEv`@W4\x0Πφ0sQ1'REy'BP>^F;mƨ٥Ӵu]rd2{W_SJjLYs\E;reX-a%d:},X4%m_bo7B}Re;>MgVU*%KP1?R D tKi\@[K[^v6:9 '`B.t@O}~QpJ!ݐNxv(#Z饋8dxh]zg
KC%ĸl4+QKqRdK9j1~eK%(TópZPeoxWFj{b,ougj,	hѵ%3v]K}f[`ɀ}4Yp.(\tv<$/X,b3RDXn-M&J:\7mY'oҽi$O]u1м翽SRDɤlɖ&6} lBK}dFT6LݑIJjli?uBJJ; UΝ2]- i*ʙ \jhU]iw3IMGfwh f9	jE[-CoXe*j"[Bd#'E*ƂfSSj_!CFVT!Fp,ʘ+6,-v{2=: ؗ0s[YX
Q)=^p*VȳSt^|	'PFuƨ36(UY/NRAVȄqٱoZj2.$? "n($#Yo3wޠ?
9N(DXL6_vxUhOg: amwzW3d.^,TgEّi/'"gkqoE_}cI`'GwFbHe^[_(𶏓㖔ӺviYn*R5h45a,aj3e	a\H u	+$.f:RK֑in!F{^(`K6ȵ 9x-MH*me}ym9t_#LPZ+Ŏ56\g}6>SSN	2!2
E$O]\i+=K@NfsZ
&q-\@侇ޑ.̾n e\ A#,;a
%"Rz!\TlxcG`o=<  `<bJ$hB}˳I2W&<?,8BsLvL;mS~c/Vprȴ+Z+Kz=VgXpi׵yi]8fH{G%K`eȒʺI@pZȤD=y|/]zetTFkM\6Mхڡ9T41j)-,z()ueTJ#͜2rc0C,O`RMWzRDpCfEu7t}9hf{VhOUSQmhMZi!XDBEj?5N8W4AxQHx/ U|~5 9,,[c._.o!J/@9.8OYZx8>[@-+dSN*j
T}aeaﾋطV|jhYN=yEmP*U^$Ç/2_!1C0B{v|7AeA:O14FjG=\*62qz739y?-UM\;U@ŉ9CR!~rs.j12m:r>:e486]AQ%W;ŸLEi'g(.uXlNфj#x~DfQ&*E/úC5ŰI!elẍZͅ
BC%whSCV3cL<9W6ԓ: *#>@SHKզ	W%=U.
.ţɭȶHY9pOT|7gjO=+axىqCl$L\rD,JUƁ_ĻjuC',ړ6fRav^qz?́IyH32A/̫mh* d:5r96m3eQ2TVŴb}JΧl1pBTc+{fQ	\w[(D$S{wh[hQe[89-e3$E*f¨tO}3
.Az%R]헺P5"?JdL}q2ɖ-_,*]pD5a8beCľu(ЌC <Z68;5M%֏dƿ̈gIJU04qF>ݽˇiubH4&U,&Ds.}u/f.N54m<d"жbEoVK11 XmO[7M01j/
jC,A#\ʇYɤ߸pJh1!bDԩ'_SH~ŭ2b4oA=GLTǤLks'c:oj5>M),/׀-M+(\ʔҏG"N	
_LwV|c|͖IuYĐ0Cn-*2dØ)-!#y4&iǛOdg2V.w ~WmOp0e>eGbDNGQ2WӒ!ɒ$+%gģvCXP px g[*yJC;nl؏.>*l\4H%{ieCg.<8bv\Dh=5SIEJwLǂ3*վL@+ZblGeAI`+;~1.eno,'Bm:!]ZwӏȻmKٙ;礟"9|k]aY-+l0ryu97M-1R%b*mTg\JѶ\XEn9UZkjjRw'KhBbb
8Lfr?SHm|a]"gm23BW2!K/=m oJpIK/[,~lⲢV-lS6?$:bT2b:./77YUNyjdS5	W2CUi:YgELwcqԺ9ᥢCK⟓wnJ$aIPKU,[5ۻOzQie"B>i&
yW-e~mӝBaB4Bd`YF
4Y]x|JG&ݶ"dm/Ēr8	I`R)[$S.t1.d#Z? ֿ9RBEVԫGy>w|<昱,
c6[~p8xG٧=o3\K'%lcso=S>55{"m!E&&13 >OT\J{76{Y4I'L0C<RG0HS^O1g4n#L6J+07L*'DWgmPZȾmjO?q錵[.040Q@P oVX~T״]lN+ ,zOAL֛ǀW.Ŀs{BFMZ7LD$=֓RfǦ?=4ìMFT⌛ZAֹ$Q'C@y2V.33dp\{E^/uBcI+l: < ,;qv|l5-P%J
T	[<oM-ωvrwiY8ZjȰ1pЂ6S{S'8*HVo1pߙ*psQ+6ʵշ{H{/̧DQ3B嗡
;mko\7Ɨ|'F>j%-ƶS![1?*'K% (<Dv}>~;PdR{]zpUcYg)nJqPi5.@/x#6jdbl>3|^3iXCS:Ǒ~0㯂+)Íj~*u
-%	{}u~QiQR,&f5AG"wIƤR]gMZ.5Tց S*֤ocs` ff5AaXx^*/Z]	EjȦfxe1ܢB*C_RQS[K5Թe-# d%ՠKwP<Lv0ͬ?JBqTA`V@7)&.M6ꡎ9L2ߓIfgP
O,jIT8Ut& (,|m(N.1o} F;(A"ʽHh{b<WCeF52XުDs!$G&9'x,I_Fd/vqߤZ⟬\M oeZnZ Rb#W'*8XhZNkWoDIe^ʂnmuarHPCRVOl73v/+V&8PӛavLlXco\U}W"Z*,P6E>d\7YV8Nu703Zx|A$K]^LyRLcԳ%7'04CV3w|jfmicL,'?ìm)62Xajd[I6OW͕n!?%	S9Dg4*	riɮ*paD[6!,*u+jDK//ocJM,ȡK, q	|bE:,ps^{LM .PhF_)YgbĘ 5Asm&}Bmo߭^$p3	z
~NO /\Լ#]c*KǪtA֭D{4;9x*gewi0-J<"?L=7*<srM7n-B"8L:BCgdu[CXR[W];CU(1ǎSEF,\N[2Ia]GODk@Us2qшǰnԤ:\#[k#7(ZlM ri=߾}LZ޾^-ZJ_ovYv1x:ٺ\曒-g\ߕ{mzJ<5*z<_j4vl&#1>q "ڲ,PV	]0|`/[7!#$O}FT?F>uN	Im2jP&?wnGfW$=Gׄhrҳ08߉=OAR[ˏlLFɕ7jݔw4fQO(9=#߭&,?HFM @9zrxr=L"xoK(󼲱%Yd| 4{ޛB**˅׀C]GR#og;z">yO{"\Ǡ$iwM}Ef> UQVlU7.J:Eښ)h%քvIWo8mK420֓u,t,5ㄡw՗%+iWY
P״ICvq2 $ҰMH?hkh8zfJa$^ynmR*<^+ڂ">DHq{rzNﻲLz\V؞C7 1
<zs伆i~p*	?2iul0Ae;3 =wtH53*툐߲Ϣ[d ߞz&?%98T3K8ArC`9Ut^lZv./˿35Xg2*.}T4Sk9Ft22~245->wɏHwq9ؒ]udj{ Tkp44CM9piD>S@B`rŠ^m7G~9nzD|X>`lo`YرlˮbZo5''$%DJ4^H>62$KafۀKar) 5_ܦV>i5SPWoeAM(EmnA]KCV_"ouxtVtxrxq_ZX?%v"Un>+!'wUD>m#ܝ(ch7XP?+,nEaMW3Ox086Tb'PRE.	>@DʤuG/an&.臮.:qt`.3ګ2G
ASD#άӥKF/ݮvh;%M2}e(R\Qnq;~i:	a;Q~`^n}>;'\kE[[p=4kC+&VͰ$Z?xqU\g_4 ,ʃ;br8%c~.'7E2LeA8XߥlpT4*~Ens}Ӥ#rjM¡	[,''	cv=2V.M
|U14T9Jkˎw[O?5w;h?$nPчAgr<9qH4"(ƣHwN:< A~#Gcq86?%]Rm)BGL)'l.L!!Xl54_t	opSE0}湸-ٽy
M$({bMLbpmY?_۰/frZԒUrڎ$CŔ۸Ī  	?#clОU헯5?h. $?֋.Nc,
EcWL?ZPDC1Feͦw_rq})g8$3Xm]hl2#Krl-:AJ=fS)L4/:窘6n5%R
ߵ܃X|fiam4%&R7/޶jvmՅHTGЛ4XGTy\UYL6'^2pc-$%"^H:hccI]SZ@E/hШ꿨DU=Dxyl^w٣]Qu}6֓ygPy>7@E|1:3&YmY9j04psӑ^VCj,h\IcΦ0Z%rd2<2r\? #Ik "5̔2|}L3,#Z{pҞꄌm#f>xǾ?8KFLwoMk_
;@*먕Z>h`ҍa"Q
S7J5/p_TgY"NTA,%qYj'%7y-D3Tt/wAM4\}jhtڐk5F`:E-bFm$8plÓ:{NUj:0\Vr%zW!e ُs`XcfSJX
Ĺ'U&mmBrq'6Cn"ni/ν.yKg8Y}AW
k	SLhBlI+i1y6qwuẤyx^,J}ƻfIhg)br}{)IZ^97#]ްfb>f`,0/3Ur%1j@c*ߋUet{mѻ?
Ȯvd%:%[A>Ibz ; i-_z4OEc6bu
񬯐99Rb-ڤKmIڟAZHݗ)8h<"ABqob:J/$Z+r,<RRr{R&֊9$WH|OuxE2-հ&ڞ^-Ee[WZ-a?u8VɔҌ5gdGDI-|SAeoSF2%Zm;On^	kӆ|}R ;V(Prʩ{&; t\,g>xJr,_r>a|Z>[5M/m>]?ۛxxBXŧNM"Pc#~&)vTеPR9&AE[Ml<94ya5aSN*' :O>[-GCYTtӼh}USDvJZZ5bbp̘(W/(FPtDWS%02ŉl(} ~\gWmԬ֏+E[\)v駳267LGS5o:>ru%*B<"WL^%~0\	N XOٔIڐGn})o-pƗVK$*Zp2cnfԙԊ?ƧTo<6[Z ֗/=b.m֟-cH_}ZC@&:_3~B$EVw'Qa3Gt)1'ֽ/I%Zx~#3<0Jq'ײ $ܾHP up|{)s|QXf=VT3DEDU FHz|W<Hzv1\0|0AECZ/A`N
H^$\UCβN$>Nmz{pYQy%LNI
@wt)S`{;^~VK u?9@#J?6qV,\9x4֐5ȅj c␋FW#VA]?jXOo>rP<2ɜP06<C<]egǲGT>(wڣoFۗTWW$=|2f)"Ll2}_f0{; <>δ FE]CLcOfæ@\2
Uhɬdud9gkrK1;D4 |6"1I۔cZ%xqg;|m7ZeB!SSLRhr$pF8ib$6CΑ?U-y(v{I>k4ʜ*n~vyS"`R9FJ56SMrQrCTz%:(3tFTm=3h{?!4>뎬C$oL$^)E ܚmĽ3Ⓝ~Jj.)Q74[[.9ۍ%qSiÌ2QAXLMro)R1x|o$09{Y6;R-1ŕ0<Sk1BKD\a ގ0lhty+FLȯ&ǀki#vԪ"O:ΰ
}?YED
IjXCp?^zB;X<$[W]P*06IliG1ޙTeE1l\eѤ"!eBǻIvx P;2}dҀY`uJZ^>x5OgsCeLޏٻLuƚPVJϤ Q7ZvL>bMi[~xyA0\'(Wb*a׫0a6mDP|O[]p$'͖QiX`6KNTj'&@i"C3q`_2ۣ'cpg뭳SWUV"eu|
00l!k@3YmT|ej.}~=F?&Z	sϋk\$/Ga>NH) fU@oܽϙCVoֽΦ=b]z%ދ?o74SAv<v:2-.FGe:Һ'[N,9׻QBb+~܈=Dѧ~<ʻxw)h87[ 6KxK7%(8\n50~Fnib9B\288IwDr{ ʃ
5N$LRi8=4	gkiD]"ʢγ%9`96-4U,3!gϗ؇@ϲ1;f<ԧ${[&Tj*Sm	48\i`*_mІ!$rinĎgXnv11QC-<{+L{>b<$mi_^a%X⌄c]L#\%B0E]'S_utzkWTYLR쟶ɐ?ĭ~WH 9.4~:S'|$o#|!ЊrJ W^v[Xѿz~Vwe%e@3NwlD~wn.!ԁUOyy"j]|uͽ!	WsҊ.O,Q&dkEf6mHJ"uVP}Z+^:V%'7{Km	C.owGuݙuoƽa JdMQMy. QꮿG/,^YXʖ!	E28D%Q8
Y$̗.NўG~>xР/o:Ŷ37(Fb<6M/͗6P~C3~azZ(gEjOlu@+ l\_qG.R^y;HqhqIs٤eRy:A'&>Rn&v|)y+&W*Kl=A'_g6~!E\Q~=+ $>h{#Nޏ=y&$D2Hd?NBQh^u[[ZLakPI;qʖq5ى>]5@':hϕdi`|*+ֿtgsghM ~ZDцXQ=?A49O[97yvx9)He[	bl2%11' QQBꖩ}DX&j7%!7yW^t0b+ġ!T>Z2c&wxcq(aN ֜w"sl]}=rE<?Rxd_96`8[&Ox6{ lў3>srìݶP6EŔՆ&j
D0ez(ьS:Σ f20 xb>2+	,6(ϙAϮ]|xj%mHDr(01GV ئ? -1UϹɽƪXpueWl߭D	_g'"E\S_\[䋨GJ iQH"?F̎BushR/[I&9e|/iWפG>J"*$fl1'7l!)0cl/I󤈺,¾tT !I&:[; 4܆\	c#/J9
O./;jSn[Saǯ*'xDu7;*eȡ>ĵwև4y/uLr*bCXM#풳R 17a=hX>k?X6nX\ nxջOcâ_JqE\`oƅUX#)P^x>CKDjP!}dZ訦 ౕ'! (dj 
g0'øf))EnH^k&?>A%_%ERQ!?V^!Jfy˵WQ1]7шgl~-+G؋#<\eBcܽƄK>&%Tl0^4/]g$h҈*naǸ93}$J,Íۢ5M+<`Ì)X
bs e."JGOƓ*y1BS+޴Di`8|BȥntmIpmtrPLC8Lq
Lm׻V,$qÞzuvQ]7QgŚ<޼0eABauUqjx@qy1c!q>)+C>@2a@OEO8S)ey6Z%Ap?ZAʋҩ\Uf,Qk,{~?no\Ok X%T6ɋ#/ 
L)|A  kkrGF#WهgMX1YU%qg4#$<wh]bP[/cڹʄṞhU~\E //9byzݮSpPP|#-C0-UpY$&:Z`f xLܫp_nH姚w8xըTtv{?*iy2R9GkGACӆr_!Ժ"2o9bz[^gg "J-&$;Y<P9pzu4˖kZRm*
FѱXؗUeh;epE{lҌto9}ˍ`8:6fb&9B .<xZ~]#nɢk\ۚ"QDpœ33΋˄}4ئ"LlmPfmIQ|롸c`U&bQoZ&yz*TB^:ထPlːS3l,帽7S@{B0Z	 1iN \10>ŨAyw:⾎(>[)Ut#@%dpQ-jbzd'eͶXuY::"|r~GN7+4ck۪7tԥc[{~	[UV˹st=,f0M ͟H?(ˋSxBj6"=,ސo$MhV]XQEzqR+IEM{\
a.[uzt~E}-?ڝ9OC֛4äR#eGv}0X2R4Yf-.lRAS<L)ImIx/eTImh=Fa@r'0)'!tdv^J&+	 
wX0&(;4j&<YƋ^p<_]m4HXY/UoĊPxY>mAe|J &ŏʔ9j'_;ܻNն6^I5p=--mv~djyp~7KF{L#hX
v-2LW!ojtÏ7XlZf87ba$󊢰oiL8lM׶[`<-lA:A׬ J%l%r2͆>GXShىW.~bz/ "7;i੢UYH Ձb-a}&ϟL\k<_e˥G=2c4dBz+x{)X摐)訄j(`jz?:f4]493AиjJ!k>.89xG~d2Tt߶L-(,Cm.Sb-󌷀~_͌hwcaTf(	QARkplQT?Uod=]^I|N|!b~OʇMydvHs<Gs@ۙXL:g_5SM L5R/>ouC\W-Nf}}"|g2@ˤ~FݯxShzQ~)$зGzE \6])X:cWWpmS1BSe@X*f
1(@5,|(ڎΠ+>tŖ^ǎm5IԽs.D4LLt/뉔=Wk/q:L(ῼ䠁o0di^@[t^5r9eަkhJUfY\^#!ycLNdjՀ~{5^%meZȚן+^r|.3˯Frz\&ܲgz΍껤+<O\iil QEA1'H3(zeCAzEYwa.>;hrEޟ*ڥR]CDNxs,7O(r#g=vGkb|>`:?{wg׫Fhtb-O \et{w}3G,uգ~hi&Դ\@F-7yڐnn.k2'(kpx$%nuxOғu)gSPGR4 Og4:
2aR4];nu+'V(Im P[ F#UM Aʥ
Vxª~퉚l*CܸZڸfqw[ݗ!JdCіPfFn7i":FD~%h,jXC c	]嶑[ojWqe߳i#R04H[M+0=5W[2EC`ɵ+tԉTeS瀩_"{z3%3We4L[?B**oYK|xSܩ KeyR
[ffܗcOs텥Q8I~.&N?kzn6P17[K~¨Cԩ&Z	P9G{QsPudyGu5,N-F@lɌ!]4x	&boEDʴ iΘy))6WڴtzΉG5B
cҌ)oQ6.J
:]	/6qށ=YĉjI<gݬOX^Es	~]k6Oyt;2u@7,W5aSz?]πk2 l{6aJ<<gϐޗDT!޷%,-~)_&3$]t" w;1܆zqaS{^)h"1$w-DbIn{F+M6xعlI'͈ԗ".%?
tَ12l9W~`eJ6x3h?/fťVݏhիFV/beioĕӌ_9"h&7.tmZHcMh hԉ{pr?(YZڢl~q	X)s^C1|Zy)YDh/iljPmfm3fL[djg`2SU- mŷPf#;]nJ9Z7nF%264/.1yD;jö@rbT)F{C,odLf)	<qHr̰ڋla mEwJhw?_[C}(i-xI1ܢ+'25n*=$WF|jaczs|-)Ay,|zOδG4
t~@'G	|ngpP9̞aZ(x/fʏh|4d8DhzyZluUDt)^7,xaqB3iw#;ssW	T{ˏ`/M(M|ޅe7'E?B3 f>eGV+E3 A:x:J-16=5hes"پ6PЧ0q}5>}0h̸&x{L<BͷM~ 5#m%r['?[SIdWVc5o;^֋/nS#7aoȚKGTni.YG1ROPv)~ֽ>呶E,vs9E g@t#m `n&8u˦olӯ|$pJe,i;iɏ%@.˗9;ó3@G`Sn-hJ\eMoHzxJPST$Uf_Ѩҁ0yH!Z㙰! ϠVҷgγ&)w)
ӨrgDA\F뒱d0%O(b~ϣJ81O +l=s`W=տT8D4%Mnrq()Kybi ])K]o |5*KAo1YJ1$mazJ[btԃ0`g1Z:D+[~]- lORk9ZV0dd3\A涗c~bOWUzicm֎^S#'oxU4ޔ;`6I nm	i=aˤa#S%x_.QK{jZl	g̩Jt;+HcpH$2^-U^:j;v[=X//g|O
H>rg"2@ {NB0ѢAys*)9Gieqahg.npW sC܇KO#j<hXړr VT2އ'viyّ*!ⴇlp/лǅ>v/#mkS!,#*1JP0%P71t6Ejώ,}Lw.vn7XPbVUݯHؘmЏ\9v{| 4 2|ܭWg6TN>e_o<Kl@/A!(" *|N4k=Fv,aZhP.	LǹݽL!6QRym*V̑ȅ-NGU"Oe?P3/ZXB@̷Eh ;N̬`Ԟ5Uj"V"nr+nb2Oȉbw/.WZk(
}60-\9D͊5UTh E3r"%)u	'L"+|PO ';	@C9Tٞ71jdJ	{R
9&qvq{F/plbeL,h!/o?'!XMI[??rJ#?ի ˅wk*x9X')9YRo$eyE܍s^}XӔFEO^_ٯ X77b+lN6F
G x"`D|	$OK6K8wxU sڄ((BܳE8~Sq"MߣEFи2<zs]iF`@NTƤaQ]r$g,씏i۽ԹA塅_^p<PqKjmٜyo?m)[iLKcGLз0s "Jb`%p}*}f( RPQuD(KAth &fh'lXvڻG#բpL7%Q6g%]z|)ӟ94 !g:gZΒ)%R1`X2>Xx/m@11+~p^>p{U2i,ґKOgv,JX|F[|gC!-t{Ax5g'eO @P3}]V⑑Q-Yz6K"7[85tPaQ[k36>)@ř]xo.{;V%?:CM7Zg. aŬF"FT}JcraW]%2]2bV@̻HcOs6K{u;L2=Zge*HzNˣs*\jJk3qﯶ!!Udd&f l΄H1w֠S4czhWuH/nҞ14g(^xlz%;ѽX Z1id}Fh@8̃=|iPr yq{J\6$pX;*,ze8",8eSgZU)BdG!6[2^#ŰJ1߆zRH-2[SMb^ҋv
{EX[1]B @Up&r:T9] B}bG;D	Ľdi^%*u1/;#v6ru'G>9":o޿	VU9NxFs*	ɖYUzz Cw!KG!
-3%KT\>XLR@W)QGYC`CpӮN$ɶJ^HPhȪGoLƉIYTP;ߣ!9	zD	2 Թr|h3
!i+]%vSbhl4mꬦqtqrm.m¼Lېҕ8#+OmMLd|%
f=v
"e-jdTgY/_x4s2vZ0!t=UOԿ#a )	n\5ZIVŚ\\ySGw5޿΁֞x[=9g̮ڷЙ-|9 TƔ~hW,a$$,B}2g>vYD	4ſ6J:}l^Kst{V{g$[[&S 4vߖˮieTaH_ҟRirQt3S3*qT/v!-$6X_fԭ䲯iߐ`tyan16{)vFyU5]1)M_['AXޓ~	~[}(O,`57ʻL?U!;Xg *9dԠto6Jܑ5&n:΄*)kh*gID'>"MHUD{b%eąa,Lbwڂb7 C8]Z"vrI!M*(+𕱇hna_sUoxPQZ7/m0r"n.ʘb˨MU'^P
azaG¹ij5~54x{:mN+ީvS|8H;S2IإyE*3ŧ%$+*HH4!{t$~pBHo sgؤ!e Դ=7!%˹,L+_K6BgX2bWZ2H#ɴ=3x	ѽ 4cف49Hli*-oNVq飀MKz]J0iOcK;J6g90 xV'FCEgx{e
ʟDjYﻙ-}gpGbRK1=Z}htwȷ;Mth(T?T?oo5U3Dx3ehUsaPI)qWtO 3PPΌ-CsS+x@J1ȦDb=W;ͤ^M8wDk礒̩18A5@JDv+ۨU&p0epssGHSkȘ@I])r/,	ySoQY9M[;_}j~Pm EE;ٌdU -%?C8)ln=keĝ|}`^][2dJVb.t' P@6S6(yu< ]:,jesWMkW4zZg.qi6*L <U/}\m7BǦՇxf~="DKؠP<-%IH{VEGD:uo%\L0.>@N>:vP_SdH'<0n.dJ9ʻ>.hiPgnNdAHo]htes
ج)wUrW[6_HJO0^y!<@l
mCO|{g/#A?/Or8~#`@N$re*ғǒ2Mxtqr H9ϑc\<o^|XMBuۛ %YaGA&! 3,TaJXb\tqrJ.1g*qZu}W'n޿tk;\tETIENA1s􂵱,*Μ|kLͿ`<X[ gB;kWW>R+b\C%Q`zJ%@BE'gzeipS
*u]<?wҫMȟH-~2@{K,}/nhxP'ǆ??B:UYP8w TOSߕVqTѧ$}6eI=һ}z;|GӭoRG]LJh*)mQ1&7ċ~_{Kt-3sxb֘Y|d]4$Bp,w! 7+CȽC6B]j3Ud>>k˛g!Ӷ>DzL33Z&)UH7
A܏){-IňU4dhXFKɿ<]f'Z?{	S$`){_p_zcG2@Vy@CA~gǬ@!4^1jIBC=v;'F5(0aB{q6BӹI1T~f[#Jm<bέ&~[;pFh8:ܗ!ˉє|dӻG֯Y,
ce?ѩv%kx| Em8x"RO_mCi#vE@Ϝp)Ԉom
ӲtdsA$,;tCSMS툙%d`ƕwZt0lE+g;<r>𪝍'w"nqmKEvUAY4$wʬ0}USG	:!<ʉCTkYG}u=WV>meG`A}!(h#NvE)ߢȹEůGܪ$e,xConNuhh?54yS#I?Ԍ,AŚyo|~e}k] Zv[0OMYVzz?:Cβ]06ñ)qDzz61sQި37Bks{AM?;ž`5kE=0dgw4Bc~8sRȐߐΈ9DE+3%0;U253Dhį⭮w6)xv0gƼb;$zI֧+8Fr'lQn?]\6THkͺmjG!HqeEEJYD;#4Q0Zj|e%hm62#1pmHE*a;mT1SL8i$+!߀&o4⋜%-z7鵒{:w!fyiG %s8gEZ{b#SG8onjx[j:5y݋JOڬ}EPu}pY<̿
OԖ*f)*Sgq✐&
S9`|w:G&_Wэw#vcN6WТ@N6[;صQhK^2VM&1I(MPM0,ѕ.Կ '2Kwenr\eu_]t?piBVI=(u+L4cЌF]>d4ul1K6q
ZcON줷L7=A7m"/-wO}9gAi
 v,绗²0qk9;~sEf$?>(]nnP(`,JiauLh@$@/.D|sdb;]z	4EW^,- Q5;Sz1'P,J?gO}v0$GUȵ Ӕeihw19^W2՗!TI['kb4э`c%qm5A̜[+Ev=_YwSZ [Ow#ܛ&Z~f0h2hh lXUdoFYUO@ˉ6t+~\c9!!ɕ!o;;lFfE/l:! {R ~rTFڍ
E.+3\h[ ˯냣ޞ hV}.G>/,	c;믚$M݀<
㈻.lç>2~H	toˡX+a Ru*Y]JToxg䅐(p'|ͺd{C*Td`mI>yMTZF9]z\jw5Dy(.ui@zYV]G1Ox$Zz~QG*(,	7*RbMMP8.*~B`CaY+J;hPu<Ky//2NpE/> i%k G7E)݂L!|05x,i,kvzF5N`AU%p#=׿;puȓ̂'SyxKXd1..>i\rEo({.Yy΢~bu|ae;Ч6K!׽؜}pF	fbJ"}kǣjBv2~ziuSAzNuP/~y}.0avU%.E^SEomZ@>)uz\}Y9UݧB9eoXKd,\rO+ sMM1rP+_~rq`9[rgPBb AYqpaD"`k~KS ,PP ~]"'j^ڵb?{@Ky+ c*YO찤9,9::wj5?,6of}nZ%DlJ$e.CaƔ4" 3_rçe#An~j ߢ:ALg
#}>,n* ))&6IN/%$\fe?M~
ZJ5Ǉ|9LXb֩uDߏK]DG;UC}@ۖ
G47xj7'Vh"H°KwQ
F]'1-#;ضF2m53Y
۔	Lv|GNRIi(nax,>%pv=]%+;Q0R~ VD$'<VBfe  x@wYnx C Z工业旋转机械设备健康状态检测/yidongbei/Data_version/testing/samples/1350.txt
 x<zFV34PEE Fc#nVfu /\V"b U2iA 㾶M?C|G\MOͶ5߄i'|s67>.:˝s:\|[~up&NΎ7:n`=φ/01ggohOM0Ÿp^tnd/~?1~}#s?	tO\<ptmXS-;Q	O0w1ї{lxf64`ȃOj'z4?PA𽎵ֻqYOvG0!G\>=I5[;c重~k+7S*鼙x{ `Ogs]<W3]fv	ktrWHЗ+ l*􏓳N?9c{<<?DG˩o0B1ȩOh;y}''Bv>}rn5C\>Gjxtˣh30I[ecxOG]`ScVsp&d,}=E*:?1:1Є͝6s^^|RN҃k3 &k@o0A'[\Ó;v);6|`cw=ިcD@<Nr7K]wWn4M2#N\:5fS	#<$ظ>Nǘ >->SM`eQ-qP%
+CojcS݂ {.2Yuπi[:':;}p>0)MVOJ95dDqxߖ|`feF_MfeRw~ϸdetf@}	H= zOg/COL7[>Pˏâ
`2zsN|M\:dCwhW||w^rmA??Ƅq(r3Oj<4CDNuPۦjJM|]):@Raw ;J:π!9c?3} nG1D	L@#֍1:;A͜_IMN?qNF(x0RM(:}|{T=u9&Fu5+	(9Nc(B EUM}C(7;ٗgVg%SfŃ#L	/(h&'Xo<Y8}#v%7NņP5ωFKa\S+SvmPI0h-N+i0{P6eӴ㽋.=*0|}<%JfxQciHvˉ1u0J֜Wi;hHu6{<VlF)Rj]T!Z-]LxqSc!%>;S_8hQ7tTΏةTepKp!2hġK3w%{36ǉ>yZ9hv	')4tSx;¼'ϵ=8I멫
ua&ynms,'0-&~a4RX2x7	\ZEL:8QfM읎yBfOg+T8(i|)Sqh	n:LM7I$3$0_;QbHwWxnUG3rqq5+Bq5x
!ئ8q!F}hUyX`%ߍuh#]
XZPBHB{4<Q'']
n~|1ZL.:ouzT(R,e(NAԶ7YO@LI??Y]؛+Q DXQ''Rj)]?hV	lRùm"l6-u_:D:h֘B;hE2rFUs{:w=Q_?QeȸFG3k	?qPf[iwW6=	'ҁ#h2eY *`C!3zvy!́\2-T00Lhlj.Eþ+/[O_K:c jitls/3j@m8߯Tx"A	/~_KYCQbp݆
HPpu	2_U}LD(Fqa^3Da~`	10zCMA&(Ϩ񫯇
K7uL̪;AI)o5dr6-N8Je
YaJ)^*jI^7
@Stch״=v[w$;]OvC׍z6$1lV[9R}%DUD@7B-
{AgR.N&|Sl &ʒ#*xw=>YoXZ#WM^³B%!^92[?XBTdDf80ێC[VSc`xN
w˵փs	xwP:Q k]RHnW4\af㽈>^p9AZW3ikeg_qm~#xW}ՅɆuR傲a4^c5C;Z7/
]w;f7*T9
Ue8^Ba-k4&#	4<Pj0ΘD,^J/*de``P PGMJ'AWdF,kaަV"0aq]Nh1.}a]xvx&4嘓g+]
c:!jR'Bq4mӡu}i7_|^oitHؒ'//
I 9ݜmnbM=]ݗb!B5gXt-ڸiԞp?=<R:]2wKs9]k,itx	)7ꏂp_ȅS|w'B=Ѣn
=a2/ԉk^bfE@2T5xCu!4I,Rl]z-IY)jN(Qn܂l8BhWYKrr9?AX	킍ya bbl`XuylpCYs[̪W÷5gQih/hrlm`-%c=#޼gFj	$v%)OCp߉_=`a)Ûp)6:(1 RY``i[6ytԜ@쳾3hwC1+x_%z9[i!gg`]&MÌLl1<!s<5B).t9Pt#e/ǆ0ܕmf;e.#K#o4)j;l&̲9ʃŧCppZWH=>HC^
8+gp
nLp}+d<׉D"̓CvfSڡza2D	BqeqzeSuVF!>rK-60=KٵJo$MѿR~0BםwCV'LFV)f>p;.ny?#218ƢAaYV
PZQe"\Ѿʴlv	:u\Fb]k7k7ZN)܊pEBFJr*S"xޙT\'OPdjͼ"?~83(7GȸѹXdy<c4BAljXN4pq{E+0⚢cduAW'ɱCa2h$6>/0Rq&UaJ(b_p ˊҺl,~Aaܘ8]+S'1uxڋLvf40Zka ʘkOX=.T:obk4|Сal<,m#yFwBPd5oO>9%XH (f)s[X7Ӹޙ%7:po5@jX~R+CHi96l$)P=ξ vaF|A5>dg[ԧ:\c\ƃ:]3K:eA$tw\8$#/PwCJt03ƫ1y6oܤ.2:E`K #:r&np%YG35fDd5nI1~u؅dD6.'d)OBftǮpx5Ҁ{ν(f"F|MTEmEqKcY|1zYwVsxl0h74K	NMTQ @av+He	lJd606 pbF/9;vt$)_=gyQ.WT~u2k/5Xt#	:;HB)sz,mag(j	2 6};~Ņ",&sF2$ƼO]ksy<13˿זnz; 5)WWV$?5AI=P n 	Pw(;\Rz ym|]UMP:)vY_{2
%* [ƃXRV~kBϣ
=yj#H~2WsXt8YC
Ҿc+jzC2XZ`d_DQ+$E~mJ`Lf S`c^$\۷q=%wH!#?ܷg;_Z-<5J)&ǹI5@[	ʈ?SM6p҃ZL`cpB"ԭq9mz_>
dߠܺ68N+[gsb첟!*lDMZh)^#N tMo~kB:˵)]VY+ wէG"LWqiZ#|Bj"~
i+f
Q>QswEVEn|!Yք( `"FW+X&D"a:iLu:xvjbBIGĪJ{ڮncJ/c0@O]1ubo֒CV2!/ފ/Z֓,Fш3*0վ!A#4Ccdq@e A
&S-7np(W8"4޵i%8dF.$4½q= hcrfjxDb-
YeFa|vտ Jfָ1SkNQ3"[Ꮼ12]6PTH|z,Qp<IKYl#AgV/b	/iw
 lj/xkAʀrdx?~0ozљoJ+mqRjXO`hJ-iW1@oַ;9Teo|JO=
0gc!HjIG+RH0"8~|aT0'\P{0*+Gq#UΨo,m.ĵv $48zD11O[ `+=#:"hw"A( kOÎa"V
Se%3~(l9$6Svh7;:WO:pAq'[qg!]ĳ_	
	{utpNWd	X*2q/ND2Yrr}ZL3'2%t(9"HLsԹ΀O>G@!6@o&L*GXloUMȥK>Ę`f`䋆<IΨAEys~qR5X^H  @UD}$0&De$>HRtBmk"UY@ Xg 3`'";ZRCx/67#!IPYqmPAnz2ٸG<]v@ Tֈ83/#B0ExP۵@#^^'b-(})75¯`|6<i1@Vaܰ<l	rx7JRRAEx1E4co.BᡝA!R][Czܩin,>md{X'NzlC<ޗEN.GZZv)%G]E
N9m\x1ZUI'O)Oc=CL~y(\IENή" pONy&Ki]2?'v~o!mPҎw<͏"1/c*ƣ:%G
i`ĝ`8ewf-hcWg@q9yuvWIE[I7>ٰ09{h%66Ư-Ap߆Lbzs:ЬKeh#9y.zJ/lJ]B1s1C8.cp g_%!YS0nZއ>&Ud;1	qeAEvRg\pg)^\wy+kYC1_bS9˕׭_l.Iu|I* B~\eZ&bv"C?QFݝ`N~"%dI v#Ê@_"t Tfay !zO(]`CtkC~3.n$e]GdkԕC<V."j#CO_^I	Q'K2@LyԼM\>DJ(N(BSNƓ±\ν(buF[Ushs/tb @ t	m<gCfcjSaA*.j0F$C>IQ)k%(
m.̀|ho-6wT͙09txX}wC){Xwi8v=яF(R9
8c'5dUB*
͍&bUsrmF d0Pޙ=>8X`Ӫ'H=5uUUu> Z
QWlP$m̈|@ԡ +8H}dc7%|ز IKc`
ُ쀨YdRy[Zw{O 3YV%{R$--\<{
#w,,P׉5!;-](b͆DvAߪC*(s5*|WX/9!BBu"]a$kB!1tEd
w;k3I.?KD^23ey@'ʷI-!1[W	|Pc@OZN)?,cA\ۀEߏG2Bma'dk8}5ii,
cV L6W+~'Uq3_Qw
 }ЪB0;m@΅[@&o^Z5bB_=0mvp'5_Nmmf,,KSr39אADV\u[992).ntY D|_l*`c;bw
	G%
	~&^VggC&ځX<h8#U0>N `ͻylk¡!kFרdOb
Jп敐Z2$p^N\?;[4^zPm{tqѳۂ2\\o%MI4
;L'5mWP5ĺc]Ad xF7>:z(.y ` 1|Dbu-#iGēd-Asf0R݊(P$UqPƿњcs66~u])?b\B-@
 Qn`'sPE%b۬jZND29~sHJRbu3z5[H(IxQ7}YۙTtj_U$-Dɠt4j״چE&ėN7R9nJ.*We,OO`я5#ECYdMPC]MY>\f
Ľ˸}yǶRt>1!s`"hd@۵w%0jnaYQrIrxmq̙MC6qQ$P0痖%Z,ɭoH?SX+5y
uJ!!VBeJD^E8Yt"wqf&Y>_,x6~8>2Xc($O*  / vKZexK;h	zUUw@ϥU\B$f
49l*x[Jv8$R+sohknUxMI1Z֨"H6ZkV8lo L`IlURĺ@]$Hc(g\̺WLv@`rey|M+&80bASn 
P
7(Fѿ	$<(d7r*A;͙j jq/@7$j|pOO3W?IQYpa ZO/c\+xXۤCv!HhWfeJH@@ DU|YF!=!i/&KRWBM֘ݧsFc/nx{o:	D(eޢ%ΙxZ0@b_U^6exJIf
|BZ'6[3Ryf?p
ߵ?:@+|BvtzBNd,>sNz#pڥ?GxjLd	4-^e fi*CȱѠ/j<ɒ=ɲUJeDwe` Nla+m뿉'Ua.:^5֍7NxPD.!j|P܀SC3Qvړ";2ɃO	^"zg$-.VR@|]oK(e-]Fρ*Lg5Xa}K%ǅ\Ɣ%pG$ë'h$"Cs (4
$kiLZ)QVd˨=F A&2?|#@)(aC\k"֖ak9"%;x%9i "BMph,f/4ꑓ[f
ZT\= Gq1h0FB3T1  *BRN/w(-%2Q`rpaS6@RgbUU&'yiW>vDr9Fh*&`baP~"xB8OX
FI1>LȷF޻Yeս~Z=9).*ޏH,Ou2ʢF\Ԉj^n^H`W[(ں[` Ӿ`<3gʈ 9:xx*!E9iOq~>(X]Dgg6RX9^B-Ɠ33u@a:۪~B\)6 +ƫek&^E[hzEkG}PsebP=CiTJha-m5ikZa`ǠnҋIy8(9>ҡCXJQp¥tA÷?-C,$H*?M!#bKB?mR5~G&:׈]{`40ftXR&0+XUYî7ט68ٿ-fs%2 :=XYKE#+F"K ;j(d1|wZ)=kU%u;PXՕRTQ4M6WCO뇸QYp@" _6 NĂoX5\&83^(>|k5-Lۜ;b -&UpWx\R'&3Ydo@Cx'+؀1w)a2l6bWDOUN@b<CF*# \&%x7_`6.Md=L&zq餉`be,d?
úȫ:LÂw*=:QCƇ
vP bW3g9*cmX+&ڃ( ԇPR*8NS.l~ 
8}ڵ6jQxSngAm1Sh։S}%S{)KR''P
i!j&,NxBr+kO"T]C6r<p_K`uW]\NP֡RA0*(31tGIH.gs,L,ܞ_z.׋bE`2,*?SIi;6c!Ot:j+S"y5aʑ>\4A6Ș"kI7uFVC+!ihE/"up\Za@ +ӮtctI>h0bzl3\6mEEx=]"wsɩL窂O]TC/Fh z)pˢ\`}w7ܤfsKj-i''Z=e: 6$:U{	a%$637"gu9Ba\3fH)orWNĒ8/f}į2Y _s8<VauU/Nވ3K6^`MbP @CJThV&T)|E괗9` G.e;"ۺV)da:UgyoNPWÝ0Ef1jш렑D%Rh$KB=ǯŁUxRx]o)=« hFcM
z#ACtDlgd#:h6O銱S[~t-+̡X+k!ϲ,/!OW5]4t	
ؤdNyz3=g~2r((n Yv&AK /q=QA[׊`kKaL=`i>~\
~kT(Vr&^;$#yg%#iƩCާU
ZT"_:k& -\
`e#r-%&K<C!ҕR|7ovs}叄B)TҪI:k	;dJV: ?J!jGK(llJX4hCVDݚbM9kHF[j=AâڧcFki&j;(ڔ9\ա2B6:m<_r?BcJX($Yt3IkMHİ33Kd!:7D.Jd}X/ʍ{2
:\9jFc%l%-Gu.bj	Աw*ٛ<	(W0*O0fbg͐2!w~%n]܉QqlBll\]E`W؉thsZ+,tVOQ'uavWSBdǂߖQklXj&nfϘw!}0CX@l0\_0uqmBh&	F2fvl}4 #؉)k&a8)|W& QIGcH3&|ݿoEp_J OZvK2aQ}JW`ȤlʓG/!@v廂dh\<Q(A3>jP;_-6a̏a>8tN5IHzBc,_e]P{¥Zcr>e&YcWll.W|ucipȗ/IY<1:EX5 I/ɖRȮmq qg,zF*%nvh%7`՛p{wb :q|>p!!,*n}DWO^iMs2}wL~&0)ʌעo]Ah--#uj'~ 1%5A|X|\KuCr+IB9Φ;UCWscNSi}bmu*Hք(K|XZY1bLs)`ܓc3g]By*+Ew^ȉ.\FQᶸ{_."?F=&>55ea(D;5X"QD`ң<[KM RШCRNVWR6[bHXl=QT#Mڑ-v6Zyl2ԡ)|;'IXӆ U_Y=
GF&TR.5N727|敟V6pCT8my+K, C Oq5Wo,axG[*\A@|JPJQ̞N^* yjUIt0Ut?&fCYgD>٥%ɜ\>[*$O M"5`S4w+.9| )_{Y:ymm(LU!bY;z"@D45㌦	PVvH%9Ն{ 78<v4??fi[U
u}id=1VTok_+U]H,΢ 6
Fá	H%_0Pgqv£?F}4K6'@0Z[zMqC2XSz-utU_dp1$ͥQ;h/M;lJm/ze)l|k -#YwHBM>ٛ5y8홸oV dZqBU/qv!f2=i1c&It:d@*Nn@[ߣY8f꺘')'hH	նmi?u?I"*Jabl}v6XYG>Jb	O5*yBا\i$vOqW	D_So-&zwPq_R7yPw?]ojfd#[\K-4B*_H?NDTI`TГw9H&Zcc4Cd@
ȦRmQ:\=OFu)mUC=ك%3MgSs]
ļjm5aK&?>sXU UEt	HגlT=gȜ6&ՠ&?6	IK{,u*7W|)oܞѪ%O*?:xAs3#Mk[|ΈS@ԓ-KQ|Ks&Hjp-Zn%Q-?V
 XgBb\$MSK/9GJpKx=>è5Y.e빬>js
WV٤6M쨓6/?FsNFe,|'w2<)w6C9qJ;yDOZ
r2(*zU>=U|QqRT tyMev(D m #8"Dd)k+:Q	`8_2hf,794oI~Z;{NҵfxG7>jF2L8CJq{gzTDwHIkjL#{tPcQ<3͂{~BLWlq-Fp_13\ǫk8ϩ`7JOfM0yTHrke!#_(~Y}0EƆCuKfïZp 7UDy-9BXE5e0)xKLx5<aD{1@G2=u.MYٱؕs(Ƕ,}eB.G0a&A0
⪁[h3Mev+CVZnt8th)eÁכQ㘢K1
]tmctjQ{02c08694ϣ |ƒ4}̺*'eRC
Ƒe:cm5^i۔}AuuQȮ6s Z6gb4U_3dYgqTD'pceJr|V]`0X@0gl.$Ly4򙒷&6IK^mBW*rHiQD+ˣ"FP 2+\d脴26"oLq5oJh}_W@ßS{N~rDeTz6W= rD9D'Q8X*=s=SJY![hnB%j
W}/pRr*_z`HG[t/w8.jQh,B> ҭFk;JS5T̖	}K8hד-OZ-b?J:W[*[T|c2)Xr|q*v38ŋ<%ʠ.i۟OYTF^I*
> AR25b`1
5+j:mG1$}IfE P+'%
8t,o\.<싛0KY/zXvr >TPH;.o?Y'&F"|8ZS=2\E6yU`(NOHg[
J1C^:.D$* \VxM5jp.9ytK.@LI5`0=pt!j2?Pج-Jǥz90.AX;.6s-xTw(p6c]VP\ڱFBmB]EE4Ni ú=\\"Qʴ(U4r$%(n@)*弲To`l0X%8fCzX2H'Ḩ6ڝ5 ƌ?ЎϞoE&^,Pr04O[zC@
HR