8.808055520274913341e-01
2.869346510031706821e+00
3.879649266664128682e+00
2.508590404954813557e+00
2.947801840511025784e+00
1.141588477064783280e-01
8.040510964480909184e-01
1.651074056712363403e+00
-2.025921744388120005e-01
-1.157755418381744672e+00
-9.281449942902189054e-01
-4.108691323373098170e-01
4.755036642221414089e-01
-2.568897475418541188e+00
1.002702905606898565e+00
1.672601293981434978e+00
1.455243979052359027e+00
3.214167196926740466e+00
2.926735739892214916e+00
2.511599232921761793e+00
8.536183949274410709e-01
2.984218126134764226e+00
-5.525952316252746854e-02
-1.339610026877183113e+00
-4.888572213085866092e-01
-3.345166876812117329e-01
-1.433629139976103861e+00
-1.147940825073550997e+00
-1.402271452493707438e+00
-2.340447681067980290e-01
-4.390479713874972933e-02
-5.636528263141679651e-02
-3.735345889013746978e-01
-2.426360607373549971e-01
9.937027597284230351e-01
1.129232348185273516e+00
2.642985107606749651e+00
1.143987432299634843e+00
2.482246905684411531e-01
1.339289907708388627e+00
1.796903770601621098e-02
2.135627452399689874e-01
1.966582442401950681e-01
-3.148319410439046173e+00
-1.106331417312808485e+00
-1.584725614497874413e-01
1.046250990516223167e-01
1.361394250141600759e+00
-5.934971167514274670e-02
1.015789598693276563e+00
1.364426316421867291e+00
2.673577792482163318e+00
2.331625111788595106e+00
1.011269506600212642e+00
4.593099735524523997e-01
1.410865760512701073e+00
8.707703125399502975e-01
1.064085103054586146e-01
8.354104062878195958e-01
9.748019147535774698e-01
-4.978724980353816942e-01
1.977703610270606926e-01
-7.031991270892193890e-01
8.616386121153546407e-01
2.146311638787343323e+00
3.732395166866486202e-01
-1.181791469382725834e-02
7.892832710898631809e-01
3.981153902763331365e-01
-1.666656210470677246e-01
1.788701708963475578e+00
2.027216929574791049e+00
4.007449526479675006e-01
5.766964075974183590e-01
2.117137104123281155e-01
1.166639304636490237e+00
1.904196273831664232e+00
9.645175561039882606e-01
1.054092388520972534e+00
2.877773792045531520e-01
1.466028886775242235e+00
1.337232784410170350e+00
7.192025604303191599e-01
-6.468657464816433833e-02
-7.562835599878270365e-02
3.571317343153768142e-01
-6.184803924331897518e-01
-6.643885518055212547e-01
-1.621222642865852048e+00
4.235967519972698714e-01
-1.679004207187612785e+00
3.987705178821970287e-01
7.507795146610488635e-01
2.834398866430030139e-01
7.602551809649410464e-01
1.188100320609465355e-01
1.482705150529689320e+00
-2.604367295434911189e-01
2.095667654183508422e-01
-3.092208252745816122e-01
-1.671579737754707473e+00
-2.229725408644398499e+00
-5.650777203362709056e-01
-2.020015297969796286e+00
-1.362419172174394788e+00
-3.326155676361179037e+00
-1.768571430975298009e+00
-1.646134088610440749e+00
1.157064631682894529e+00
4.841085557512745385e-01
2.097137848239912783e-01
5.485369402586698362e-01
1.496734931928134227e-01
-6.174985239590087271e-01
1.149648223438914707e+00
1.551925683173115411e-01
2.284476118518442289e-01
-6.194002182856381822e-01
2.916343131492082907e-02
-2.625256526779629507e+00
-4.848128427215055325e+00
-1.240954894124668195e+00
-3.095679776130602079e-01
-1.102514781746019246e+00
-1.856782551239150036e-01
-7.162316522594880386e-01
-8.009191205131349633e-02
1.807715685340349321e+00
1.508132798000250130e+00
3.132531657067959552e-01
-1.259639512786127291e+00
-9.754101280860010270e-01
1.756839012850464510e+00
1.138601313602896514e+00
4.425155561262313353e-01
6.307916928730679107e-01
-6.609474717852480419e-01
-3.687485567881453319e-01
1.331258002654890804e+00
1.447004356392894042e+00
-1.668781269091741404e+00
-9.025026427320830269e-01
2.328374289663061036e-01
-9.060669931921526699e-01
3.973114404147396472e-01
-8.956699447531478731e-01
4.092126731196981115e-01
1.640885711188970308e+00
6.981140352999694043e-01
1.809062641452385378e+00
4.477196295915909730e+00
1.820758829061488004e+00
3.451973619466454757e+00
2.379892936661527791e+00
4.050000146998864459e+00
2.300811333503627765e+00
1.291314901857600006e+00
2.136194256956984727e-01
-1.249406644480941742e+00
-8.653279298312321899e-01
-2.605675534394529258e+00
-1.260637546501307327e+00
-4.957395882561647094e-01
1.186628234350186606e+00
1.220150597049210361e+00
7.600050813678342898e-01
2.970792366751022762e+00
3.205473961734575994e+00
2.245052633977258516e+00
1.422774232143985795e+00
7.600050750434437230e-01
-8.331477438444079286e-01
1.117466513834741715e-02
1.597371966451921477e-02
2.121969264062792959e-01
-2.045891161459381102e+00
-2.281840562910005588e+00
-3.756530170994241136e-01
-1.041642423873416323e+00
-7.189817610832679451e-01
3.482801370640405958e-01
1.392344358567261464e+00
1.766863695169608173e+00
1.815921297710361593e+00
2.853592301728635316e+00
2.588465290156619858e+00
2.160129327483260919e+00
1.997397347281898883e+00
5.487067647588572683e-02
1.998690011000565092e-01
2.015994712403959555e-02
-1.049973685962097836e+00
-1.260692105386590267e+00
8.663265765502747850e-02
3.771794051750634313e-01
-1.001472385101166984e-01
-2.344299059196833124e+00
1.957001493538783610e+00
6.560661510625687143e-01
-6.536999417837832116e-01
-2.832519545078790446e-02
7.586077444101964051e-01
5.813162221487716552e-01
5.281483392145317479e-01
7.276837232381379028e-01
4.406380324277403560e-02
4.787447851985393577e-01
-1.499049920137661696e-01
6.219255119231696938e-01
4.433315983953710071e-01
-8.144337282776558107e-01
-1.102850698341261149e+00
-3.178620911963293549e-01
-7.062846242656080076e-01
-1.410918115673298168e+00
-2.394309572080498327e+00
-3.183760992250987520e+00
-3.821406450553328060e+00
-6.229579064732800875e-01
5.066515776884277233e-01
7.256463374854907888e-01
1.499673826261570531e+00
1.279053162764620666e+00
3.162105428391675410e+00
2.200936931033184774e+00
2.287980690308322185e+00
1.708391852718595283e+00
-7.316910450847662339e-01
-1.055410492989183657e+00
-1.890469063684712570e+00
-2.956866850912725830e+00
-2.096134843082453347e+00
-1.239440810896887513e+00
-1.760475336108112021e+00
-1.095183656347813006e+00
4.994102442997411240e-01
1.880735174892067818e-01
1.395549422313431487e+00
2.809503237502276818e+00
3.079658075956560825e+00
3.962508260276004890e+00
1.565391505048886245e+00
2.020615778845851640e+00
3.373559879777645598e-01
2.012206694796891959e+00
-8.039998944739836784e-01
-9.578955152048933552e-01
-8.255501490064320880e-01
-2.066670454674605750e+00
-2.675999378284354080e+00
-1.150855989567706628e+00
-1.028811744375752513e+00
-3.209468400725429271e-01
9.160283101392054927e-01
1.760186294309319832e+00
2.269085997915284203e+00
2.720929704290208306e+00
2.002163011688770311e+00
3.133753177496265696e+00
-4.540011250096531725e-02
2.093937363757312209e+00
-1.059527405844017389e+00
6.475093742231876615e-01
1.544085445766794351e-01
1.478453076944493905e+00
1.871847377753883768e+00
1.457437590423950491e+00
1.941803176574467549e-01
-5.733541411286613432e-01
1.450753957805774652e+00
-5.408297445140256565e-01
-4.536014221688154935e-01
8.264812589410661658e-01
1.840986626009691651e+00
3.647810530765557280e-01
1.876299348968020864e+00
1.147168514504959713e+00
8.413988031912857934e-01
2.031504603642511064e+00
7.416648622785199096e-01
4.193009825098444887e-01
1.794067010460272948e+00
9.669727169394676247e-01
8.366719353089870914e-01
6.418456060659150086e-01
7.241437772676527773e-01
-4.960461158938366255e-01
-2.422073925879096867e-01
-3.794734334160271838e-01
-5.508152512552050295e-01
-2.750141562249347471e-01
-7.583686271178077254e-01
4.783123232732115482e-01
6.519701056326556721e-01
-7.035935572514491199e-01
1.819754865134321165e+00
2.001152317991191421e+00
5.704701918602679278e-01
1.030730737874803404e+00
2.536385917255011835e-01
-8.714330190771630846e-01
1.194653024935351082e+00
-2.481983455934571037e-01
-1.321604773634217800e+00
-1.478486429028782467e+00
1.722588046945350060e+00
1.156118770741922097e-02
6.154323609201598488e-01
-6.997570565598771886e-01
6.740024230260991400e-01
8.479060423583115735e-01
1.212350642998270889e+00
1.440670972818023143e+00
1.340903255780903303e+00
5.346161350660425526e-01
1.650927846906173890e-01
1.682905959291736697e-01
-1.149185232693011871e+00
6.586754350211128095e-01
1.870692825834335604e+00
-1.759675408787184925e-01
-3.622014796883032961e-01
1.153376887571247345e+00
6.870837701818677257e-02
-1.128100787267634075e-01
2.576421994515459835e-01
-8.118457673915235873e-01
7.172656896885322153e-01
2.010581285392595841e-01
1.475468161678836321e+00
-5.301202462491669820e-01
-2.890799847455731708e-01
7.774044650730441153e-02
-8.647319662415320352e-01
1.591461256707416005e+00
6.890222661168220464e-01
1.274385865314981547e+00
8.060756854836937935e-01
3.303161724488453688e-01
1.136757473173837241e+00
2.878595704217301043e-01
-6.690180528834885898e-01
-5.438414966136224660e-01
-8.795450478848969578e-01
-5.674745251327152629e-02
1.589049907716294507e+00
8.131489495595758399e-01
7.349810538477529187e-01
1.066962379688235707e+00
1.144837684911300890e+00
9.910488788326954346e-01
2.366166927918376128e+00
7.072926399042021028e-01
2.329783733480671248e+00
1.069177159200658256e+00
1.086285644060167588e+00
3.464444187156351385e-01
-1.729420141414335088e+00
-2.370546021395940062e-01
1.771732697093451880e-02
3.757175237690004166e-01
-1.197032602876554885e-01
-1.579539276319096297e+00
-9.164974900407273362e-01
6.682490622597170304e-02
-1.167128479407110841e+00
1.963113578507991730e-01
1.062403967973245100e+00
-8.533127875119674854e-01
-3.144911919789694088e-01
7.566896047122235736e-01
1.645808948781371406e+00
-1.182015627316269635e+00
9.970189599461162233e-01
8.757738357150213204e-03
-5.363158237334422207e-01
6.974589503154157155e-01
-1.629924129112065412e+00
-1.767198958780577200e+00
-2.265511826942192997e+00
2.005036795663273086e-02
-7.201389157638795613e-01
-1.108586361630807371e+00
-2.892780211156782411e-01
-1.039671938556389064e+00
-2.649750309794913217e-01
-3.627535145171175146e-01
1.571007523065701239e+00
1.615512970047287444e+00
1.715376835963142277e+00
1.594070475564715039e+00
1.054222097451862794e+00
1.886342051547033938e+00
2.321265127628798552e+00
1.793174809046798490e+00
1.097798334978171031e+00
-3.092121912414921292e-01
-8.987726708058344505e-01
-9.718986567454198644e-01
-4.513416189685319768e-01
-2.567911719199470255e+00
-1.156695095515021254e+00
-2.096599961058387418e+00
-1.040690836907096184e+00
-6.670710193114619546e-01
-9.987893650446585392e-01
1.136021159856341667e+00
5.298028443977571555e-01
1.796991493961711983e+00
1.128235559767587937e+00
1.114925979903421460e+00
4.350015202312276230e+00
2.320788259709451573e+00
2.109850359951789489e+00
1.100493217713154337e+00
9.962521536631070429e-01
-4.787536422948739379e-01
-3.539139098778708581e-01
-2.175243735417195179e+00
-7.898725867881228879e-02
-1.890289719193820828e+00
-2.217815238931187150e+00
5.661510356740585559e-01
-7.163515439908005877e-01
1.543627864262787197e+00
-2.501979165440013642e-01
3.321123568159968009e+00
1.416911526563928714e-01
1.590639814658606266e+00
8.452351193765961224e-01
1.892690566844548616e+00
1.660084238324227357e+00
-1.388400261521657297e+00
-1.257729426590208144e+00
-2.329006336513280484e+00
-1.118888690437563227e+00
-2.320636146985786130e+00
-2.276576654170765490e+00
-1.775497762554254955e+00
-2.293034704704976612e+00
2.383883336766202676e-01
-1.083165118955874862e+00
6.422629224561944294e-01
6.621954297289710523e-01
1.637470527846124124e+00
2.328840724749584368e+00
2.623477011134378589e-01
1.592946440581761713e+00
4.265988273565111122e-01
2.239685297025426181e+00
1.359366278004810580e+00
-3.588933678647301395e-01
-1.813539753308914815e-01
1.897534997672891466e+00
8.830676982457501545e-01
-8.345555027080050481e-01
-1.685748462079027954e+00
1.072470776701676343e+00
-6.403279999833045855e-01
-1.080950228367099308e+00
-4.053027088741434358e-01
6.553848761048490790e-01
1.467707826790060732e+00
1.654069626677588500e+00
1.147749645402899032e+00
1.526866748515239181e+00
2.709113219266847672e+00
4.159724303225724729e-01
2.271866735410904781e+00
6.276086034764929433e-01
7.076760151046169733e-01
-2.215208387470640194e-01
-3.214281860924165790e-01
3.516943629062357357e-01
5.638605415379283059e-02
-6.347082608183363117e-01
-3.746331802435535208e-01
2.116790705208753676e-01
2.258182797474579395e-01
3.077721009920782458e-01
1.128928769516831299e+00
2.816969427616778932e-01
-6.230218505499248716e-01
-4.474227473062650229e-01
1.163686988016441548e+00
-1.045626573129795789e+00
3.757599255629012758e-01
1.006408832824652044e-01
5.136773153469266218e-01
-1.240834835440692174e+00
1.377704788270579961e+00
2.856673663839595534e+00
1.757998647149808358e+00
1.053491010243173820e+00
5.539194087195387084e-03
7.520392025578848116e-02
1.324405954038117450e+00
1.639550207761984735e-01
3.743940194415854572e-01
6.412136280288260881e-02
2.856174394026204100e-01
-5.519606096495944803e-01
1.363426968425102581e+00
9.286265566683263861e-01
1.277436251104129283e+00
9.710587338489879983e-01
1.421374551399571029e+00
8.115707932761052623e-01
2.480088284030662393e+00
1.322623354014029307e+00
1.410163694466310735e+00
9.881396029179716489e-01
1.641568628529289087e-01
-2.998567379399126320e-01
9.991756223351672128e-01
-2.473230686842935011e+00
3.040953987724063223e-01
-1.016375507350934182e+00
4.670774860295648923e-01
1.416869259700846539e+00
6.491303034274784611e-01
2.628390025426080800e+00
2.467252131988063368e+00
1.761054055869019308e+00
1.284632001893101894e+00
1.389864475294726454e-01
1.539773103881574290e+00
-1.349592532805162115e+00
8.546966727353589866e-01
-5.608088339888800400e-01
-2.469370315921185277e+00
-9.617629614381378866e-01
-2.797055311930432886e+00
-4.837699399260873001e-01
1.288234458566422491e+00
7.773379596154506022e-01
-5.568292225797584205e-01
3.508698074425507407e+00
3.699366866749456140e+00
3.310942767066147763e+00
1.852797695782854470e+00
2.355972703108726751e+00
3.445466066689832907e+00
2.009175404858540404e+00
4.867635322568191758e-01
-1.236850995954893451e+00
-1.955027414236084615e-01
1.019930348572287260e+00
-8.414766451548387760e-01
-2.460109663583049500e+00
-1.322853747325027030e+00
-1.878912670796112072e-01
1.461862135513853467e+00
1.101339833025708037e+00
2.488236138284376509e+00
1.830232714827608964e+00
1.969461886015407615e+00
1.530374083568355026e+00
2.835045419216590368e+00
1.095858821452569298e+00
4.541271176398142817e-01
1.019355169727478749e+00
-1.222235325079015666e+00
-1.869219255447427619e+00
-4.751844069171877183e-01
-9.518699295927893766e-01
1.901485406228761166e-01
-8.860494322314925730e-01
2.297211829553817142e-01
1.696326851009092307e-01
2.704032180472093927e+00
-1.880628040052244598e-01
1.516017521395848000e+00
3.783318648767383108e-01
6.012878971772191994e-01
3.118384269111229568e-01
3.812602270130765469e-01
6.851670373407034442e-02
-1.816683623634205214e+00
-5.151784617502115360e-01
3.968517723461433278e-01
8.512297320104670328e-01
-7.042586350538587725e-01
-3.120891192193425145e-01
7.307281648547028219e-01
-1.535515920048943439e+00
-3.568441051166288402e-01
3.743173232947049622e-01
1.010758819900976491e+00
1.938313488386915084e+00
7.618854551956345533e-01
1.236502470107800900e-01
1.536315753204001933e+00
2.264557243023777033e-01
-2.526254198753761226e-01
-1.098449467692695358e-01
1.248510455889649151e+00
3.532761386521742208e-01
-1.521870972276393452e+00
2.676026605053551943e-01
-3.386148147287831867e-02
-1.430294395265977181e-01
1.350542647691255482e-01
-3.102563615325255597e-01
8.225607825459593236e-01
8.329803434754897706e-01
2.926885734495071834e+00
2.036258907301192078e+00
1.700219340156318371e+00
2.178266589299730605e+00
1.068475998406792193e+00
-3.715266528822966929e-01
3.645846828430451825e-02
-4.777840873085138496e-01
-1.371399727735168828e+00
-1.940013510122182927e+00
3.125458511488536928e-01
-8.439813312405187729e-01
-3.168860595136894220e-01
5.205921796539407786e-01
6.504613933338523335e-01
1.277542282321064704e+00
1.956608765485427615e+00
1.836577863012152534e+00
2.785502532494052552e+00
1.375600945205789793e+00
3.465627184938274041e+00
2.413146505736069702e+00
-1.081258758477365189e+00
-9.721861981350368165e-01
-9.525138310495173677e-01
-2.448967526892803281e+00
-1.502341836411339671e+00
-2.218403545866203253e+00
-1.344731584713320327e+00
-1.609071406891982026e+00
-1.400732468442537737e+00
-4.950101650974357281e-01
9.976440060018585410e-01
5.951348332183885592e-01
3.019693921192597053e+00
2.715088631832370591e+00
2.985039575135052026e+00
4.307863968699857438e+00
5.876165387553391461e-01
1.045409855748593131e+00
4.784220488640322788e-01
-2.461300957370522458e-01
-1.293503709269591129e+00
-2.007780406092501302e+00
-2.701694031312805055e+00
-2.844548938690003137e+00
-4.551076456638363243e-01
-1.273744106201406545e+00
-1.226457856769637811e+00
8.622138776864746168e-01
1.486304444779171785e-01
3.855871576267031475e-01
2.010935382243090430e+00
1.915796256697231748e+00
1.747744212408914199e+00
2.094429831578148438e+00
2.290023515741164140e+00
1.804811014893701326e-01
1.062444460542326663e+00
2.850019029544088589e-01
-1.256040372955050000e+00
-9.210733568090362366e-01
-1.797166932404886897e+00
-2.174365767160916896e+00
-2.357678662295664029e+00
-2.026625267477833336e+00
-7.882258823301195871e-01
-8.522930893038058175e-03
9.449084995257219788e-01
2.250284106880750201e+00
2.772624599116994659e+00
1.096783997668798749e+00
2.205790334861743140e+00
2.128222637899528369e+00
1.960877433420580296e+00
1.849726331233237930e-01
3.005436017287765882e-01
1.494150540763616863e-01
-1.463289354613625637e+00
-1.642098480126313209e+00
-3.699759824814784270e+00
-2.900475824226208310e+00
-2.212101128036208841e+00
4.812178530700763623e-01
-5.540632018472180231e-01
9.488605857132278443e-01
1.312635414928358113e+00
1.120761178303393502e+00
3.279093268472307088e+00
2.890159457912105712e+00
1.862807532473421901e+00
2.687769142223006558e+00
-4.459664018045057521e-01
-1.643195877209857048e-01
1.896107406775985327e-01
-2.295843202704595853e+00
-1.333627207151444560e+00
-1.076919042319786302e+00
-9.446572267889272734e-01
-1.305055590781067254e+00
-1.520592675749451450e+00
6.046795120538563939e-01
1.334856834667661196e-01
5.587946074657643702e-01
1.623823778213045799e+00
-4.999900694038137416e-01
2.027044716296564353e+00
-1.102339701004674044e+00
3.486609687783166489e-01
-1.774031290948458350e+00
8.750038807116333750e-03
3.206833034748503009e-01
-5.051433531223201712e-01
3.148151026544288023e-01
8.991089099594826717e-01
8.155228590855914117e-01
-1.696339326568507166e+00
-6.679334032592352255e-01
-2.255851603835429930e+00
-1.406372564666269032e+00
-3.082566065282632550e-01
3.029877555220200636e-01
-1.444153768644661218e-01
5.406541949108297773e-01
1.599068756011419401e+00
1.006932815350452870e+00
1.327520987362406535e+00
1.483841824817108579e+00
1.430200622695704249e+00
-3.536863449291145489e-01
1.363987827862652491e+00
1.131629411410003838e+00
-6.408822496083390607e-01
1.918785106786215777e-01
9.528064970340405226e-01
5.605870660473387668e-01
3.638694486201365375e-01
-4.469612673962037874e-01
3.821037251576504534e-01
3.954994206261978618e-01
-1.651529731488702080e+00
3.564697899525962610e-01
-1.552106298872322210e-01
1.570321143719653145e+00
8.934768567566361286e-01
1.627862700155461972e+00
1.792568443215476259e+00
1.962814878888500925e+00
2.926372126385000882e+00
1.656329104357574078e+00
2.841512330080569804e+00
2.984876820384096519e+00
7.994666790606479445e-01
-1.681651341868153071e-01
4.825744333215444826e-01
-2.596548908442686265e+00
-2.922779218473310348e+00
-1.884342257702625645e+00
-7.733767689842389048e-01
9.015736689131379489e-01
1.750294093898349668e-01
1.668497933814161449e+00
-1.843012618450634577e-01
1.752624200286206690e+00
2.153319537767518721e+00
2.088988324725181922e+00
-7.663838142429257871e-01
3.245218288655002503e+00
3.981933613643544589e-01
1.436940304418425463e+00
5.232423547204026471e-02
-1.831183890251496305e+00
-2.512985608511645541e+00
-1.547185962227991762e+00
-2.316317074601720982e+00
-8.645657737740741755e-01
9.944687854407263661e-01
-1.095045398256491387e+00
2.121654291378838875e-01
1.000311994201052990e+00
3.702724957528791272e-01
3.008284982181819167e+00
2.188236503622282392e+00
5.233600572095784553e-01
9.072593213557782477e-01
2.508234159437050526e+00
-1.973523778738865975e-01
-1.392155897594538061e-02
-7.459894876927875007e-01
-1.583704194399024656e+00
-3.836915755994513955e+00
-3.634751530694681154e+00
-6.235528038214874780e-01
-2.089413059387815519e+00
9.177286380326310500e-02
-7.100006938182067406e-01
9.507241510135193696e-01
5.853168887076297677e-01
2.321690397198263867e+00
2.132584306072987879e+00
2.009841366473468227e+00
1.640598277650046510e+00
1.727179941742374325e+00
1.129188826888998021e+00
-3.863747129893415622e-01
-1.488690401307837030e+00
-1.382839953486182827e+00
-1.743445333575504019e+00
-4.227812653878846860e-01
5.434947491955914867e-01
-5.098368073853998261e-01
3.188130803514311662e+00
2.338792488671235681e+00
8.957520133203050738e-01
5.485579509570526202e-01
2.514274364726476918e+00
2.029442050889846083e+00
1.549734454096408864e+00
1.813170988301367803e+00
-9.561734881734034186e-01
8.708200422727074841e-01
3.354289149447068352e-01
-1.041792851331147185e+00
5.554149119202016482e-01
5.728048850540987669e-01
7.141420923344017346e-01
5.777501940622431498e-01
7.525355274618431567e-01
1.303051831990864162e+00
7.305293115745989940e-01
2.453823795050783296e+00
1.829764191574362098e+00
2.162451497553391278e+00
2.207607657556129865e+00
1.945879423907673988e+00
-1.546968319280628279e+00
-8.363093896941935501e-01
-6.064755977559271871e-01
1.154023598968611508e-01
1.805675226224158658e+00
-9.016586112864510838e-02
-1.130595291587475293e+00
-1.220197174426619569e+00
-1.489581484725803984e+00
4.150107630302675155e-01
1.521776554247357138e+00
1.203982444875375091e+00
2.168171621338509603e+00
3.750605391818026213e+00
1.621082536795538598e+00
3.914310378976919580e-01
1.244602456648649547e+00
1.175571951170644169e-01
-3.333659517862978205e+00
-2.718942693604809335e+00
-3.323589689194931474e+00
-2.348238080697339747e+00
-1.927339287197026518e+00
-2.657397461063176536e+00
-2.718799835154294797e+00
-2.138771029144505564e-01
2.691537391585562267e-01
-1.299871627060541490e-01
2.886422148009507360e+00
2.657571065889207773e+00
1.222682334197018328e-01
4.273163691191625979e-01
1.584020309786450920e+00
1.342237582399844475e+00
-6.537840415882145706e-02
-1.633936412754769751e+00
-1.246664970024364605e+00
-1.748465341644249715e+00
-3.607933801049389544e+00
-1.274614468302332826e+00
4.428585445900904416e-01
-6.059881665295518971e-01
2.808282745317211671e+00
2.292853381315222094e+00
2.237588158003173788e+00
3.083493817441025353e+00
4.005465835519171236e+00
3.278695351722980433e+00
8.513678747252013679e-01
2.332392305197650284e+00
-4.158408376571451348e-01
-7.061072757665005639e-01
-2.350234362545263522e+00
-1.671601260365105368e-01
-2.139670180277391864e+00
-1.062981276882835724e+00
-7.822379076219159177e-01
4.513309041380044739e-01
5.653963967889520381e-01
3.437564561458955392e+00
2.813516679970003320e+00
2.370700260694689643e+00
6.728703138563416619e-01
2.715804143390247116e+00
1.620753103242947413e+00
1.269994658290712231e+00
5.246764005373131257e-01
-1.776833275021949543e-02
1.874441368410493247e-01
-8.755701804765589902e-01
-2.533497071778519683e+00
-2.885358362350400441e+00
1.025098983748556902e+00
-3.718225955436238461e-02
1.443150584171391193e+00
1.984863700055659486e+00
6.025769280043087317e-01
1.952830537489604223e+00
2.135303997053642711e+00
7.983585047874225404e-01
-8.447047909053808645e-01
1.058300861956192884e+00
-1.629168767555028596e+00
-6.750346628093146784e-01
-1.241351327774425028e+00
-4.864280199007264827e-01
-7.406677895347466567e-01
-2.295236122713333327e+00
4.391486897893701058e-01
-1.466443570132198948e+00
9.844068109214232365e-01
1.102574590842486657e+00
2.081705099911807633e+00
8.338646906917268620e-01
2.356700124341012170e+00
4.843986568449247798e-01
7.449928645738959077e-01
-3.907291774093030190e-01
-3.665736895254689265e-01
-2.785073625536927722e+00
-1.584356635496858345e+00
-1.522056126651931685e+00
-1.359456310666482981e+00
4.264478190852317718e-01
-5.423047011687388563e-01
2.309361450667692939e-01
5.966305687636068722e-01
1.712742287845474776e+00
1.362410970678937794e+00
2.799187425220694969e+00
1.962961471480942688e+00
2.474933426390879987e+00
2.908108216110019129e-01
2.872631764280205724e-01
1.875475466822371651e+00
-1.391392991417814695e+00
-8.226936807946130248e-01
-1.933977532517009212e+00
-1.134408366556372005e-02
-1.648572775131617707e+00
-1.127201877917483053e-01
-1.927136762760236266e+00
1.286566526438530422e+00
1.122425978104214517e+00
1.047429241690668977e+00
-6.370716629461237179e-01
4.915887544490866290e+00
1.667260313721254716e+00
3.310129444104585428e+00
1.149464286624691578e+00
1.038064585766334424e+00
2.562306008755743658e-01
1.241631242249123357e+00
-1.358431163548089238e+00
-2.047417292009615641e-01
-4.403797390102410780e-01
8.700758635248424522e-01
-2.572473559743814198e-01
8.868849191909757845e-01
-7.153309779636624066e-01
1.609746999533965939e+00
1.535725415493075285e+00
8.585870491724078013e-01
1.731476436554972187e+00
-2.266074730117462188e-02
1.683354693993748930e+00
1.454907774820336508e+00
-7.553024784461142005e-01
7.423174272322750067e-01
-5.967120745005932703e-01
-1.551947263873031169e+00
-3.504170455154576480e+00
1.469268806397491467e+00
-9.986031423980146204e-02
1.702177248984562130e+00
-1.223556137520811937e+00
1.406391734645601188e-01
2.178316704853591634e+00
3.602210534801211228e-01
1.639372127666852030e+00
2.200178399146986763e+00
1.045667402260861856e+00
4.785437470262895454e-01
-1.554218979450811222e+00
-1.652185834651191954e-01
-4.803036788179237959e-01
-2.885271741145333912e+00
-7.638297041700350398e-01
-1.427491873671757894e-01
-1.900199521188243201e+00
-2.243027233937456566e-01
-7.017924372741743966e-01
3.761902789884467024e-01
-1.307649442691819708e+00
9.568449463926427256e-01
1.667909867845220884e-01
-4.647951187187877586e-01
1.382645040104260925e+00
2.038334844033924398e+00
8.344741005410928336e-01
1.545657494922054287e+00
1.711175584652627313e+00
-4.072006604923613104e-01
5.564979150321565093e-01
1.335688523241252978e-01
3.865482783029441372e-01
1.494116605091345473e+00
1.231638165372424654e+00
-4.569376001379278351e-01
-1.483842789728419209e+00
-6.767451054184903114e-01
-1.748039277373499401e+00
5.284538005926635584e-01
-4.292955535467789518e-01
5.467971854588777880e-01
1.784518912629011744e-01
3.637974554405680738e-01
-2.276854213339652988e-01
3.104568863872018358e+00
1.844371327577483566e+00
1.306667993244325032e+00
-1.371252553036551580e-01
-5.915823299021856496e-02
-8.338584530692065844e-01
5.996153310028828898e-01
1.687786378708171497e-01
-1.367992684350856081e+00
1.523183593064176611e+00
-2.653536525950597635e+00
6.152170209039583559e-01
2.980424476696600600e+00
-2.508071230364675719e-01
1.764620444014374234e+00
1.917261082872178335e+00
4.686728758809066697e-02
2.992805029630082103e+00
1.781703380261430603e+00
8.207632981256229865e-01
-1.140622320040084181e-01
-7.781537174909893828e-01
1.224041912050458647e+00
-1.705902902469472737e+00
-9.831222517696278640e-01
-2.202967696640133255e+00
-5.935602278610299098e-01
-9.186515384114437577e-01
-4.699573118090543677e-01
1.734852301054415902e-01
-7.264718890812964514e-01
-2.003089110409947970e-01
8.572730337749686624e-01
8.418284339404659145e-01
6.538486532329251810e-01
6.987815141866061674e-01
5.036675190444679373e-01
-1.371649207616778776e+00
1.032572255176541498e-01
-8.919086434680725262e-01
-1.045358459961087672e+00
1.507996001361225913e-01
3.801877279258700226e-01
2.649873064648294863e-02
2.373350330786928586e-01
1.011994190877567590e-01
2.552783502655970871e+00
4.097477776803932770e+00
1.500238327101105273e+00
5.035829944383620749e-01
1.541784696358101447e+00
1.109910290918233011e+00
2.077930381601345022e+00
-3.198362098340759574e-01
2.126444802700036552e-01
-1.529762778658061873e+00
-4.967754953338333612e-01
-7.286979449567461131e-01
2.653963632574360409e-01
-1.566680460386712659e-01
-1.222302712315511686e+00
-1.075869242801092973e+00
6.893213885707414335e-01
1.461052681875726122e+00
2.203884623324828596e+00
1.468557362654995035e+00
1.178521473873932912e+00
-8.108023644938531227e-01
-3.576251736947395621e-01
-8.730029380589898746e-02
-8.409733336250562186e-01
-1.634816375568344249e+00
4.240462592562715960e-01
-5.771924494610582990e-01
-8.505759793224957344e-01
4.177636134331197404e-02
2.106561676033872565e+00
1.288419097417564663e+00
1.358202669257846162e+00
2.884315684195173368e-01
1.330431451218305972e+00
-4.440978573917762073e-01
3.539689869132019773e+00
1.761911984114728602e+00
1.188163109922186988e+00
9.833151209194007647e-02
-7.013031515838640262e-01
-6.140042731892306760e-01
-2.834850440803277083e-01
9.379210144041225661e-01
5.731159058842834053e-01
5.711486401963628001e-01
1.955821987387882821e+00
6.961229348982367338e-01
1.620630102162902819e+00
4.759172171353996950e-01
2.118197532105163372e+00
-1.054358062600229573e+00
-1.004717966962822118e+00
-2.843401742110354680e-02
-7.949408813825523668e-01
2.264325135422289303e-01
-1.662558064931416446e+00
-1.301058816528884110e+00
-1.365375840990447509e+00
-1.286275066364900521e+00
2.273720966834212320e-01
1.478254920445585818e-01
2.449876382162346822e+00
1.603116488973223897e+00
1.300668224797590922e+00
2.787670241121006587e+00
2.179271466676342861e+00
1.511821242189069103e+00
7.146067820508743562e-01
-6.861816006731495943e-01
-7.528246319111910889e-01
-1.364371282411024122e+00
-5.455145216179422274e-01
-6.587232511232812282e-01
8.288115586201525442e-01
-2.451217757464142721e+00
6.304494195715917293e-01
-6.231672883388674755e-01
-9.577482154685866833e-01
4.317516717964655637e-01
2.513287500868328195e+00
2.045560045602431209e+00
1.381789551511672709e+00
1.499511000005574024e+00
1.872154559846829436e+00
1.628599547462477481e+00
1.151986187413648333e+00
-1.086668197430911142e-01
-8.666591520911466340e-01
-2.684911138979003464e+00
-1.922232862054974678e+00
-3.304367942665217939e+00
-3.330724303591058533e+00
7.912004092668086797e-01
1.143825103558088196e+00
-3.130340753321487757e-01
2.512657578093450361e+00
1.747929067562112859e+00
2.875229940408797091e+00
3.588464876753434396e-01
2.705761923169773819e+00
2.835639938663291559e+00
8.586823811482435787e-01
-2.938948205776705791e-01
-1.049025565147283068e+00
-2.531634223956205632e-01
-1.056086264295204247e+00
-1.090166315897585614e+00
-1.236912398378328559e+00
-1.268002923685723982e+00
-2.234926347992835183e+00
1.071857113611125012e+00
6.292898975576242115e-01
1.336818593972180169e+00
-1.875138714966322340e-01
1.431712037028676221e+00
1.352795406570774350e+00
6.977724574782369071e-01
1.544368675150639580e+00
5.988495187105644657e-01
5.444750638080714245e-01
-1.191937884955188265e+00
-8.563945851266582254e-01
-5.211236268085797096e-01
-1.258230081962461888e+00
-1.605564469720813570e+00
-7.409360473409447589e-01
-6.971866984931569533e-01
-8.367359666856841738e-01
-5.251011775194961428e-01
1.547266962152744396e+00
2.414620106264241173e+00
2.859605151998070305e-01
2.856193074640784424e+00
1.634212824555301591e+00
1.656518511783935388e+00
1.811256964771274180e+00
1.225626440856338650e+00
-1.074067226067756842e+00
-3.280967302242877581e-01
2.140327999829146899e-01
-5.776279627382336912e-01
1.741945248316071559e+00
-1.711134770182611842e+00
7.181948116226077872e-03
-3.284074702055089223e-01
1.483670603818859624e+00
1.474302906205244845e+00
-1.747402303044236493e-01
1.791415110086617357e+00
1.472631232233712284e+00
1.838007791864611384e+00
2.056474614553991387e+00
1.684377088394871436e+00
-8.793061215769419903e-01
4.821994727573426509e-01
-8.612797795788533772e-01
-1.320967877492896791e+00
-2.513130683826582779e+00
-9.262506648279451582e-01
-7.554006827478383368e-01
-1.580734386137519487e-01
-8.102868445651741081e-02
5.561625626295469971e-01
-2.489667285950051823e-01
-2.067634634309941433e+00
-6.849538178873225691e-01
2.430373861716069728e-01
1.011034941880911003e-01
1.457310340144522876e+00
-1.257355785480965826e+00
2.867926533386498320e-02
7.380825562644681703e-01
-5.321597880848554230e-01
-9.885876903798761495e-01
4.483190792408647818e-01
1.138558342555208380e+00
-1.289481737343031731e-01
6.587377770188069803e-01
5.376878747584037388e-01
-1.728226719490321139e-01
3.899026287523114642e-01
-5.067637430035776269e-02
5.393176026627749531e-01
-1.108140930938332769e+00
8.246097947885522306e-02
-1.039313598289195451e+00
-5.402704263883009728e-02
-5.694622758112481975e-01
-4.871221591715455546e-01
4.963541689180598349e-01
1.220500794814804557e+00
2.130528491991197537e+00
1.308671420445272293e+00
-1.305517370325279813e+00
1.785399854866098757e-01
7.284951653269547966e-01
-3.291075977963195953e-01
5.006459302162924452e-02
-2.173117933928337409e-01
1.551894802477499780e-01
1.065927026076550987e+00
-2.231624599260512848e-02
4.821963707393735477e-01
6.264792551410950372e-01
-1.598942491659794962e-01
6.793306731540391663e-01
8.215124016316139866e-01
3.236349481988175292e+00
1.431224375741164678e-01
1.822542457670731864e+00
6.361708506620347148e-01
7.655069554378092223e-01
-3.728438082471663417e-02
-7.904134178485067164e-01
1.413038675139667077e+00
-7.893959664761135420e-02
1.057396480224791713e+00
1.596807664073679689e+00
6.681382875575041513e-01
1.547864388496022148e+00
9.442839289099640432e-01
3.844743230999705941e-01
4.493083759599221239e-01
1.450176645615642634e+00
4.201804650284592935e-01
-1.152866015432429281e+00
-9.139246414362438564e-01
2.043065801948715787e-01
-1.161282977099685088e+00
-8.937151381225398872e-01
-1.222783056350618347e+00
6.012035416660336251e-01
3.779731599704860279e-01
1.360433714889030865e+00
1.189860201810736262e+00
5.213391669446043597e-02
2.072163324950907715e+00
-1.068709336034637136e+00
2.971749282007090653e-01
-2.484410971430380255e-01
-9.632339031768943904e-01
-1.591299564287113277e+00
-1.804828047829931226e+00
-4.224375325786464686e-01
-1.578461512220762586e+00
-1.273938467033882471e+00
1.735610896273393489e-01
2.025950180106022014e-01
1.811816538463384418e+00
2.463870504230141201e-01
1.969001414955495965e+00
2.191701319053454000e+00
5.602662036023046133e-01
-1.603455225631700065e+00
-9.667891310014307127e-01
-1.338912846276363755e+00
-1.090081891040348250e+00
-1.503141793840611751e+00
-5.218384448157542543e-01
-2.505625087873831203e-01
9.123960991846810087e-01
2.616371906566293148e+00
3.911978492445178368e-02
-3.667417126799654703e-02
7.159123858977922694e-02
1.101547576558499220e-01
2.502938127952759828e+00
1.760958391216519203e+00
1.291261480136045137e+00
-1.635791438386933860e+00
1.500298721078108799e-01
1.671483512858781717e+00
-6.167319610960854126e-01
-2.446678345513626063e+00
-1.159817188571858670e+00
-1.279651702748165198e-01
1.588456225841023084e+00
-1.096165428894440019e-01
1.233865005665701897e-01
2.830596944475169408e-01
7.527605063143376629e-01
1.281656873584605227e+00
1.600688995209958332e+00
-1.546112396304295089e+00
7.388256270744651966e-01
4.361293448609273593e-01
-1.437937902320031824e+00
-6.809217434988421580e-01
8.158335447737625756e-01
-1.433818172997258222e-01
-1.611759487217478970e-03
1.167682791997594061e+00
-5.215037935445282491e-01
1.180201011420341839e+00
8.386317553200058894e-01
-2.231870328426407701e-01
-1.732876050968451764e+00
-4.817770373544180140e-01
-1.420865248184067120e+00
2.771875813248775855e-01
3.124058121418250011e-01
-1.014303853639026975e-01
-8.373912919161830004e-01
4.419498380510026303e-01
1.307976216192066721e+00
1.766701640972361709e+00
2.000058507004568664e+00
2.006951363885467465e-02
-1.691966991085191996e-02
4.198649561123850571e-01
-1.801618101526559323e+00
-2.967347318461415195e-01
-4.631774064902010046e-01
5.985357167899889586e-01
3.334063770014403238e-01
1.353495563966075066e+00
-4.126382446795613945e-01
1.215580453451194920e+00
-8.952273536491454076e-01
-1.285889280774621390e-01
9.825112931025050678e-01
-4.297483390763937594e-01
-5.118225826936018130e-02
4.173740817488776345e-01
-7.489351060124668225e-01
1.700364705648564900e-01
7.752172650309743229e-01
-7.807907680433420206e-01
6.589560879213073319e-01
9.973435860903452355e-01
-7.858009847496947309e-01
2.384140545328660710e-01
-9.520425361852560275e-01
1.802789094380241597e-01
1.129787363919918519e+00
5.330379719039405328e-01
1.184386542470703629e+00
1.555328677269417037e+00
2.444006363685936822e+00
2.672501145588128679e+00
2.571735037887434849e+00
3.973092281207744048e-01
3.166941714623592752e+00
2.379538598894622492e+00
-5.429446750433506441e-01
1.021366916522686630e+00
-4.470402983589050194e-02
-2.134099727680629055e+00
1.704439421710950420e-01
-2.133658482090101227e+00
-1.464574490373893312e+00
-9.354740102065457474e-01
-1.882926382642275964e+00
1.017265856777997080e+00
1.722995861985795241e+00
1.152261113197039499e+00
3.153608021694627173e-01
1.155025108166769510e+00
2.139793151791962167e-01
1.794077470723818291e+00
3.207470395925144935e-01
-4.452798645901145935e-02
-2.593895630072473590e-01
-4.153302924733177637e-01
-9.037673170700265546e-01
-2.293224709713364007e-01
-1.439408555641797705e+00
-1.527718377096320967e-02
1.110365824885422015e-01
5.779238482241928487e-01
-5.813552251703251184e-01
1.386354025580532889e+00
1.044292803896425426e+00
1.718297429485381222e+00
2.357626025702386663e+00
1.906212230238534699e+00
2.583091031282922501e+00
1.664873463051327107e+00
7.407065023095957823e-01
8.577714867617893812e-01
1.933915445477172868e-01
-9.147224086944174548e-01
5.626842613142629679e-01
-1.182633093560160109e+00
-5.363403937546039613e-01
-1.478741481756357778e+00
6.030535748838875554e-01
2.776606826757434532e-01
1.498833923560294323e+00
1.347477944196614708e+00
1.860425125310462002e+00
2.051796134024931550e+00
1.398429744319870771e+00
1.939476307421857726e+00
7.931032551876493475e-01
1.731536900911261112e+00
2.087171723905483667e+00
-2.596098890546047477e-01
3.828689542461317652e-01
2.869918063336784897e-01
-1.183677433505007315e+00
1.844940608363411227e-01
-1.014999707806412577e+00
-1.443307432124170397e-02
1.354340216152384979e+00
6.633996204075819358e-01
2.798132565904345448e-01
1.808170713963371146e+00
1.497717185607149615e+00
3.214459823125056293e+00
3.253702726533869161e+00
2.882959952323477015e+00
1.835121214733728356e+00
5.436890085052662469e-01
-1.336812430301723031e+00
-2.445707651723458831e+00
-1.288945072968409322e+00
-4.004576472763932138e-01
-1.227931936361909004e+00
-5.707954264633561259e-01
1.096471839779989965e-01
-9.944411102613304188e-01
-1.451069514385144310e-01
1.244508503234670771e+00
6.948776122439442871e-01
2.473046167788204741e+00
2.791411891768033726e+00
2.134091734057614431e+00
2.996055774777628855e+00
2.145421901657322827e+00
1.263150849276032162e+00
1.126738424018791651e-01
-1.285677445003076402e-01
-7.138260135449536747e-02
-6.965099327516226513e-01
-5.274360183134315649e-01
-3.422363155545390390e-01
1.009293505803367186e+00
5.448699264919504293e-02
3.895678350672386880e-01
5.253742171580748632e-01
5.648464522817392419e-01
1.528306345765867880e+00
2.243887233143923687e+00
1.174671377449958642e+00
3.547189627206903673e-02
1.297949710054576267e+00
2.441479420045197912e+00
1.578751046926837764e+00
1.359356785097879106e-01
4.267930809534521419e-01
-9.712671684835085806e-01
-1.804679779965717490e+00
-8.605316825817239668e-01
-3.285716428289511271e-01
-4.517392042593581514e-01
-3.364334741566855635e-01
6.061416358311954022e-01
8.193840901196998150e-01
5.255870467535229684e-01
1.751308955703925641e+00
1.907500193259705767e+00
4.661561556873076162e-01
1.507485488917149175e+00
7.867868568817710795e-01
5.773698522317876058e-01
6.169180521269987949e-01
1.178787173899282337e+00
7.034950958927557174e-01
-5.593601445293892027e-01
-1.000100474771529413e+00
-2.481159791516402979e+00
-3.979040497426522549e-02
-3.410313220610362572e-01
-1.414733886255167938e+00
-8.108084224562355224e-01
2.198906416779446704e-01
1.087503748983739693e-01
1.354268798378906791e+00
3.141165273849064299e+00
1.223041225694517564e+00
2.673484901747564813e+00
6.911797488436206560e-01
4.356257308667782491e-01
1.786970528460567920e+00
-8.313796169116738355e-01
8.140004628706885015e-01
-9.179598785471374534e-01
9.250929496226686366e-01
-1.583908872759798747e+00
-1.855344257938312813e+00
2.743501451196439511e-02
-4.260905155083503093e-01
-1.507586416204427904e+00
1.325947264319250474e-01
1.372736398900691102e+00
1.966870679470571703e+00
1.183410548250417582e+00
2.247046794023517258e+00
2.483419366967809516e+00
1.646725587533528268e+00
1.150222074818671558e+00
1.969545938306471733e+00
1.147137525449313022e+00
-6.066632833499830957e-01
-9.165247363637223366e-01
-5.092476975245121551e-01
4.835504130483004870e-01
-1.372141619254595213e+00
4.085136871489392085e-01
-4.232844927679389746e-02
-1.864591843816066352e-01
1.264022632833972759e+00
-1.445738212445191628e+00
1.431031581499013994e+00
1.693685119533819616e+00
1.610226457153730362e+00
-5.845843102295900096e-02
7.645445065320828348e-01
-9.193609507738008668e-01
-8.682291140446790623e-01
-7.276223349577746191e-01
-9.132123752188109345e-01
-2.503820708651742777e-01
-1.396301020166924589e+00
-2.187526592252230451e+00
-1.803798065448991572e+00
-2.166509739362288300e+00
8.692579981457450033e-01
-1.397790006978087973e-01
2.612796354905615459e-01
8.205071356183868403e-01
9.805430322457632242e-01
1.826484355983870600e-02
1.954101140952429372e+00
1.326371606961875838e+00
9.195149732026055567e-01
1.007896547327423287e+00
-1.131938811015818835e+00
-1.082210336688941288e+00
1.438105474547005880e+00
-1.083328979295996586e-01
-9.436439882769428467e-01
-5.093793426594728224e-02
-8.260219135496462695e-01
-1.354584113114364330e-01
-4.780264694476004106e-01
3.010583858960172443e-02
1.209060963408373768e+00
1.370718273958851263e+00
1.005213392226974811e+00
5.006018202998165911e-01
-4.496818085411083410e-01
5.471814558729846123e-01
-1.185753103530087005e+00
-2.978490974154572313e-01
4.461386595860136195e-01
7.964436691306344684e-01
7.340362763374254085e-01
2.440541102426601050e-01
1.000661759968841658e+00
6.049316277283595111e-02
9.920604990437686954e-02
9.329339247220220788e-01
9.998280921096737162e-01
2.007330574709666138e+00
1.203372725036347957e-01
8.288738542410358789e-01
1.597087539254403499e+00
-8.224902893433673201e-01
2.202564432348202317e+00
5.178872288412175173e-01
2.543273411543759410e-01
-1.270994142520590398e+00
-4.195279449424209606e-01
-2.448836402453551386e-01
-1.702587526373887883e+00
3.264609434951324385e-01
6.831486408187490422e-01
4.797953254561438952e-01
2.234590861812275620e-01
7.224310837658355355e-01
1.596719948913464249e-01
1.267873321926529684e+00
-7.879475115748016956e-01
-3.527127291727972791e-01
1.776130066206024649e+00
-7.470967110101578434e-01
3.311333369326651122e-01
8.924148621632177480e-01
-4.127870188546487462e-01
2.471065268846054597e+00
1.314237212858994530e+00
6.415391605365510230e-01
8.772202186175360739e-01
3.185087237769498869e-01
-2.219038004003300868e-01
1.897804237574051700e-01
4.342357639525197266e-01
3.480241006418194893e-01
5.046475630408975288e-02
7.144429431654018003e-01
6.441834397723272820e-02
-8.877548336604809132e-01
-1.093878871712436807e+00
1.420069686510871954e+00
1.129924722714254592e+00
5.868485840248085506e-01
-1.806609228051940796e-01
1.882446551573041527e+00
-3.069308120508715820e-01
-1.690577698738939372e+00
9.312281532301073250e-01
7.986560880692219477e-01
-2.007108388905629148e+00
-3.044182940286973560e-01
-1.428278326990210179e+00
1.405537167149438771e-01
-8.483357085205227577e-01
-7.679469641485989762e-01
-6.864217158508593153e-01
8.124076949691659832e-01
-3.656715906302925312e-01
-3.358906921469547724e-01
-4.686961295587125931e-01
3.197253965027275768e-01
-6.022291551486774752e-01
-1.697746087268707793e+00
-1.358210287085170886e+00
-1.354879242276021190e+00
-2.681846238420064310e+00
-1.246275101298420784e+00
-1.150666744934735641e+00
-1.351865715074572094e+00
5.972015713911648094e-01
-7.988661346396701557e-01
-1.096588468875179107e-01
-1.993941442297115230e-01
2.038300920484284795e+00
5.386067536716425685e-01
6.369728620382828499e-01
3.596757604511521267e-01
1.449182250024926955e+00
1.452426705217133796e+00
-1.465278624020418974e+00
2.721428823299807953e-01
-3.627184720117117012e-01
-1.425923596244317082e+00
4.003787137060543788e-01
-1.004038992388989193e+00
-2.831458271239043478e-01
7.929118715396935024e-02
3.591782020351951266e-01
-1.510237826409817075e-01
1.802200552757090790e+00
1.239020809133746459e+00
1.344962177983668461e-01
1.713730495909241647e+00
3.886497406266702370e+00
1.631042436360971681e+00
1.736495479317082813e+00
1.322186508216999234e+00
2.485404058875383626e+00
2.125055062275114093e+00
8.116162964189950202e-01
4.313573608509849722e-01
-1.850273462047133499e+00
-1.993340949986994959e+00
9.332322796283238908e-01
1.158285545863181554e+00
-1.742905978145281587e-02
1.952926858131746490e+00
2.933097859773230009e+00
2.545700235060852190e+00
1.599389508906051693e+00
3.758305040019565446e+00
4.865138510838287189e-01
2.381172324706963828e+00
2.698820833461515356e+00
4.201134905037759992e-01
5.947349681545224254e-01
-1.033417065206741370e+00
-9.489868961494566379e-01
-2.411077114670194366e+00
-7.434680198588772271e-02
-1.872319379190146016e-01
2.594950107767152181e-01
-1.558396984929495632e+00
2.336211978146761403e+00
2.417063865077309970e+00
1.060109937418159953e+00
2.420186568455989118e+00
2.325501897058482648e+00
1.486885350612341838e+00
1.158680725933471489e+00
1.206918948313779438e+00
8.028709758126950646e-01
-1.799249047109130473e+00
-1.828177221968788624e+00
-7.000434832290761689e-01
-1.646732386567710593e+00
-1.463655196018975646e+00
-1.098772901393959112e+00
-1.468121864848434432e+00
-1.607456411802822727e+00
2.645595226871579886e+00
2.920412761580598371e+00
2.234558549520818893e+00
2.972267414721788903e+00
1.045832256109207936e+00
-1.974398184678918255e-01
5.035213649708036865e-01
-8.676890229446886371e-01
-1.396921324727220970e+00
-7.512967142376515417e-01
-4.368203591657262574e-01
-7.824734294227181364e-01
-1.872111481929696231e+00
-8.219826140162125316e-01
-9.781075861575305730e-02
7.053785629930181544e-01
1.587219973904407722e+00
5.005018366621567516e-01
1.350714275369928608e-01
2.915468613694121025e-01
8.591404405930944677e-01
-3.169213735946856403e-01
-2.073618291881788700e+00
-1.166031445560920421e+00
3.863898875875401151e-01
-1.367245740213101302e+00
-4.224859421683703209e-01
-1.099242283042516782e-02
7.207427864130115935e-01
-1.669726927509329606e-02
5.780233408494610536e-01
1.121202527609213018e+00
1.331906939879052620e+00
4.486394568625284851e-01
1.051079396496876095e+00
1.006253387847582781e+00
-1.109807219735336470e-01
-4.937053380891366916e-01
-1.420951275549986903e+00
-2.621169899769236533e+00
-8.733613175648924365e-01
-7.642570865362279253e-01
-1.515192665181459120e+00
-6.725127982177433461e-01
-7.960852946751082460e-01
1.387256577972689309e+00
1.613184579856885348e+00
9.156016189441156250e-01
-5.796248150918541509e-01
5.639839050633711492e-01
1.629602990991796674e-01
-6.145581018956559616e-01
-1.981160500680160030e+00
-6.072101333650514049e-02
-1.093039764299562178e+00
-1.244824098160803194e+00
-4.660417634130554210e-01
8.832777891019732985e-01
1.800878676319465355e-01
9.873136082601485786e-01
1.143271930208539677e+00
-1.861581324332765019e-01
-9.547676661533432974e-02
7.228094400381905871e-01
1.444576656962138994e+00
1.611612992236149733e+00
1.811393523656259941e+00
2.308471715161090732e+00
-6.910601270815130981e-02
-1.649088435275522402e+00
1.465866471174471775e-01
-1.413595156934888575e+00
-1.317336227874831511e+00
-6.029786221612324359e-01
6.819477175758221765e-01
2.042241234681309692e+00
8.091978639798536044e-01
2.608400580738636787e-01
-1.950733430054256923e+00
-4.553955837901007553e-01
1.076380877183630291e-01
1.107238398440405058e+00
2.658778197102535046e+00
1.505753248117003729e+00
1.745659544616343428e+00
1.212684104729716328e+00
3.507409636226328509e-01
2.033993894400609181e-01
1.711019850647967466e+00
4.310632233841110716e-02
-1.827980621998990696e+00
3.052673083383395936e-01
-1.430616235401857839e-01
-3.559096002802693004e-01
-4.412258817729448612e-01
2.619143482528153988e-01
-3.272861733125214112e-01
7.982671233084046580e-01
7.482191091680888695e-01
5.009658569410381235e-01
6.093527308030459722e-01
2.582844081649192880e+00
4.889355984759535811e-01
-3.715793857815280488e-02
3.456098724425570312e-01
-4.823241329291672597e-01
4.819087822613770111e-01
5.096732620902413302e-01
2.534420379901735076e-01
-1.249021627493285935e+00
1.735442113449070956e+00
-6.790382955087019834e-01
-6.416289698801526109e-01
-2.425650744488626609e-01
-8.578363404872288989e-01
-8.603068494530906607e-01
-2.200128828166367789e-01
-3.966952749124450506e-01
3.164900090958266965e-03
-7.702150744977362407e-03
-7.803844577982281816e-01
1.437400186838369454e+00
1.038636321957861153e+00
1.914873528275792935e+00
-2.207127091476908110e-01
8.243515024875623931e-01
1.170287419657074945e+00
-1.478728345836713309e+00
-6.980864789440025531e-01
-1.412599947021179858e+00
-8.293293185245715904e-01
-8.616058480399111374e-01
-1.254997853147528986e+00
-6.173366880743720309e-01
-3.860178241651619491e-01
8.381044909277132193e-01
7.182140848436908698e-01
1.813659804105071993e+00
2.174862572444758335e+00
6.762128921734911202e-02
1.118159093103840540e+00
1.496325046646710399e-01
2.382989024064412487e-01
3.265232614002219869e+00
1.785590298112238017e+00
2.095863460190875216e+00
9.336485200540702856e-01
-1.498574029262595975e+00
1.339233400147443742e-01
1.054725389544034719e+00
-8.815202556682456558e-01
9.936960476149040433e-01
-4.316479103305199128e-01
-6.525306468744089816e-01
5.124495617226372257e-01
5.081234140883228445e-01
-4.644261620062605789e-01
1.586690953191840947e+00
7.597915258848033648e-01
1.126662196292797402e+00
-1.171915932807019445e-01
1.662198692723360960e+00
1.139074340733555069e+00
5.423203310123853038e-01
-6.178413297203894095e-01
1.742012042686855167e-01
-3.286602984303732544e-01
-1.936663759551314534e+00
-1.572069533157298249e+00
-7.813512135763246436e-01
6.477077404461684118e-02
-5.509286401175670367e-01
5.810277066284381675e-01
8.942950920453479613e-02
-1.390296113069745765e+00
1.360048979322441287e+00
8.137063667520791910e-01
2.002685919475607257e+00
4.246287307549541090e-01
4.956008040450719521e-01
-1.104449075255444779e+00
1.228686540288606160e-01
5.316296510867488667e-01
-1.808179797068640404e+00
-9.171477993868776268e-01
-3.833090546001283183e-02
-1.634065873982466499e+00
-8.277997541200210474e-01
-5.385889542897794868e-01
-1.284876328409342960e+00
4.428783508176017958e-02
5.743100135463977685e-01
1.188409901775602240e-01
2.474532002284750010e-01
1.792263518185253535e+00
1.922785119665277875e+00
-6.029594935088213870e-01
-2.698903654184146572e-01
-7.117296946601453511e-01
1.087268057349640493e+00
1.156126120644632049e+00
2.511232996752919000e+00
6.916917877879095178e-01
2.636752825762286534e+00
7.794613231448994650e-01
2.173078621387268150e+00
1.061320394523057598e-01
3.854064918212337654e-01
-8.040011778109641405e-01
-9.415936280786774137e-02
-8.299162661447292422e-01
-2.249209936823868716e+00
1.298177214014698544e-01
2.050244565218999893e-01
-6.239104735301379545e-01
2.244074334268571835e+00
2.477026954743421605e+00
1.372660896631511029e+00
1.065265356124410312e+00
2.255351966578313938e-01
9.735299417964254909e-01
1.628773234443993578e+00
-7.793573674103539961e-01
-1.303065023382957932e+00
-8.335691156539417612e-01
-5.619353458815548041e-01
-1.910021858837793962e+00
-7.282232121827433291e-01
-8.702256503709469015e-01
1.394894213682532857e+00
1.717625463464287572e+00
8.208206260786307107e-01
1.453917136749771188e+00
3.936056722952193443e+00
6.742777643837803980e-01
1.702038032851562299e+00
8.197719637724361075e-01
5.315357603951226251e-02
-1.249746617485841593e+00
-1.038273458951658457e+00
-1.434229561198010039e+00
-1.429111322882608004e+00
-1.347652387084701919e+00
-7.694035397067217064e-01
-8.150446907923611928e-01
-1.476042272435770242e-01
5.062871562494863920e-01
3.501927330669762917e-01
1.316577143770203850e+00
3.328309960272786139e-01
3.831150053645022702e-01
3.071431626266124537e-01
-3.333611185712678227e-01
-1.777846707850656127e+00
-2.143551343212537486e+00
-8.542014525810370795e-01
-1.159126633287776098e+00
1.313165805635800321e-01
6.557396951144143227e-01
9.037074520648922249e-01
1.140123177914222907e+00
5.105965727606192051e-01
4.482683169216380437e-01
9.308125599496408498e-01
-3.440804303246993712e-01
8.449135220886556663e-01
2.134362553478538871e+00
-3.037543256206101105e-01
6.002729527870193094e-01
1.222951926506704368e+00
1.175425158326282027e+00
2.778128392654596324e-01
2.277184199337546344e-01
1.279445678514000928e+00
8.321986926117280747e-01
2.586266612421918576e-01
-5.294229068530242888e-02
2.385019001916783010e-01
5.139369855158566480e-01
5.607432992996268517e-01
3.166020399253368089e-01
2.559280691842487521e+00
2.670580921280824693e+00
9.989918585166916998e-01
9.289415163938922193e-01
1.256971934444894190e+00
2.182018439234745699e+00
-5.546716488643657073e-01
1.673934256594692416e+00
1.714063501645713750e+00
-1.896435846194196806e+00
1.529264169960439901e+00
-1.756537929660167308e+00
4.760372517074240584e-01
-2.703963175519468187e-01
4.144861500792895725e-02
1.378073230673079852e+00
6.287025409475264226e-01
3.475553440107456815e+00
1.049563090333334170e+00
1.623263644345684265e+00
-9.569577952389596298e-02
2.500202912609894579e-02
7.415614682265636581e-02
8.627521686087462616e-01
7.937810223843874136e-01
4.491868911919971730e-02
-1.766381076956801799e+00
-1.916238248270190514e+00
-2.648504422567004579e-01
1.155862580248657956e+00
-9.796521663417463444e-01
2.642171069702135444e+00
1.844315864917467573e+00
6.345706567713245150e-01
2.530195634517201420e+00
1.851112356784567092e+00
1.344896719168402477e+00
1.841280801950039847e-01
-1.043710721506804884e+00
-1.208258428644220617e+00
-3.161916899151959726e+00
-1.117650051673928502e-01
-6.558225105486883422e-01
9.241819074978490089e-01
8.598419776807263437e-01
5.030389528226748563e-01
3.625683305249625565e+00
1.566815558848076106e+00
2.441804794345268981e+00
-1.566902356592143608e-01
1.275358804148535308e+00
1.187321112157619485e+00
1.886003890341184430e+00
-1.344476612771503987e+00
4.285622940892928612e-01
-1.310907024035780521e+00
4.582061421839582760e-01
6.866572863159763340e-01
-1.545693215305188772e+00
-3.295598428848442452e-01
1.003911493010529732e+00
-6.950689918179615567e-01
1.471061153012279688e+00
1.751213645745660186e+00
3.196967432600068548e-01
1.981259014768698368e+00
1.943183853356168278e+00
1.839402268794180451e+00
-1.317303558560679377e+00
9.511058168583037542e-01
2.326543431366967063e+00
8.753888860143247408e-01
-4.175687724858282435e-01
6.020328957885294763e-01
-1.892080016865493874e+00
1.336442429758467165e+00
-1.872917900201287456e+00
-1.071379422303960771e+00
-2.400772174178221530e+00
-2.857123847677289774e-02
1.254415742321238980e+00
-4.833783770180143796e-02
9.090248645160036167e-01
2.101941677661605112e+00
7.249524403164291364e-01
4.689249178070163948e-01
2.086944192049290159e+00
9.087397689769561859e-01
4.796818919258316605e-02
1.867679320655943054e-01
-1.075507488212288143e+00
-1.387796582730514983e-01
-3.220543546340431718e+00
-1.361493390685572402e+00
-6.013009016296400056e-01
-7.097445078552157005e-01
-7.613530277866292773e-01
-6.911963683113029333e-01
1.393865188648559350e+00
7.579513262949567620e-01
1.120172488522807486e+00
1.205069704778266804e+00
3.755575433254990658e-01
1.414953725076669278e+00
1.564756379872923375e+00
-2.429476074794116869e-01
5.045634064505046812e-01
-4.001376242872767830e-01
-7.731351657142061518e-01
1.567645869884819465e-01
3.937821410818015955e-01
-5.348202891874225262e-01
9.353399752292189673e-01
4.311779097171843933e-01
-3.774125376898123108e-01
6.357783981358324787e-01
3.704170937091187943e-01
-1.764320007504203147e-01
1.474803501403320727e+00
-5.650680532870873130e-01
2.484566967816152605e+00
8.708348627095376937e-01
1.027109325624661618e-01
-5.632631978653324101e-01
-2.253435834529470549e-01
-1.193969662079731764e+00
-4.888916128212794643e-01
-3.109899179400127389e-01
5.350017413036626257e-01
3.421642920356016832e-02
-2.195689090939537680e-01
1.592592563374992887e+00
6.796890395994470424e-01
4.861466291299382236e-01
4.971329241456338699e-01
-1.918307991892798992e+00
5.899229237054465225e-01
7.893436953747876572e-01
7.525046761753934055e-01
4.485057475512573832e-01
-9.527915040768641930e-01
1.049707038441307916e-01
-2.948030488336623733e-01
7.660529587910238636e-01
2.102411050570960616e-01
-7.208525715582633220e-01
7.406567889840157126e-02
-9.928745812888095656e-01
-3.602941033657611758e-01
1.450251268559098250e+00
7.439144852867103364e-01
1.057109821163088936e+00
2.407108179859519526e-01
-3.639147514306406705e-02
1.377254147820697661e+00
2.341283143435062719e+00
1.471895998733066424e+00
-1.174021499152873016e+00
-6.565972549621044152e-01
9.144313068269112055e-01
-1.320748362421676037e+00
-1.574960616107516698e+00
-8.294146285605272784e-01
-1.557153862148191736e+00
4.866997899856756460e-01
-1.537370076255777374e+00
1.020880430479846224e+00
-1.013272701406059850e+00
6.884651090677420537e-01
6.314670408801865698e-01
-3.656170769856107450e-01
-9.846016238724564218e-02
4.100418383799845912e-01
-1.393379599030934113e+00
2.072179159966311968e+00
-3.549128961774479785e-01
1.494025707566569161e-01
2.322279261409379569e-01
9.355922422758120582e-01
-3.289196761315158479e-01
5.461569310086025197e-01
-5.951062276720303634e-01
-7.024002541378961961e-01
6.674092414042771537e-01
-2.917394726256683501e-01
-4.804366038793062565e-01
5.994192578332345755e-01
-1.341333850946909267e+00
-2.627362502036855174e-01
8.225317138141199358e-01
2.163550775502873780e-01
6.535643268013097140e-01
1.412835316236783711e+00
1.650363208280265503e+00
-3.455411705193173200e-01
-1.557138789475717988e-01
-7.739854500100888934e-01
-6.970978050439289309e-01
-1.261357931646320818e-01
-1.397457187655991362e+00
5.286491764242358116e-01
1.427919446991261498e+00
-6.637752294396359609e-02
2.586326417989964099e+00
1.344276839611016738e+00
2.025435992330813839e+00
1.106799928504965447e+00
1.974047839481563704e+00
1.577518462499426732e+00
3.159869375245151879e+00
-1.879876967573061997e-01
-3.549484121039022111e-01
3.506992007533417111e-01
-1.203988021895312732e+00
-1.873739888869429437e+00
-1.869461630484950065e+00
-1.991936661503630912e+00
-2.698871010764735123e-01
-3.898180631399397744e-01
2.489251436001049811e-02
2.357565663715033732e+00
2.816204846686558128e+00
2.060875810876079850e+00
2.155515723912976966e+00
1.312497738148466375e+00
1.145775833664865129e+00
-6.874949166627609687e-01
-1.107205537836379650e+00
-1.446501975461532252e+00
-4.549113652919289930e-01
-2.203069371835415957e+00
-1.243019234938114170e+00
-7.422615950528125284e-01
-2.210120614801120098e+00
7.734402202804164794e-01
1.153650716806186249e+00
8.561420982475056451e-01
7.902206411060258562e-01
1.165401733363218506e+00
1.127504702234698009e+00
1.259713472341843499e+00
-7.768048426262511574e-01
1.665389984911900267e-01
-1.753583532463500516e+00
-8.361904804530282398e-01
-1.103978967867049743e+00
3.022380913280809933e-01
-4.513373390841879385e-02
6.086490687208407323e-03
5.006412499181042142e-01
1.723874256910230329e+00
1.397850999125489491e+00
6.663201246969308045e-01
-5.189927154894095063e-01
1.883550415437208470e-01
2.096124427424538972e+00
5.025623832349233044e-01
-2.303395686068682169e-01
3.968692795443453103e-01
-4.547321233461771861e-01
1.104010843842395229e+00
1.753135021287525630e+00
-7.836361232622958140e-01
-1.087108178112571544e+00
-3.787893323814771063e-01
-1.666334569588971692e-01
1.030274143585173441e+00
-2.163077693066113305e-01
1.770360342166340750e+00
7.828061605460194805e-01
8.564312434543684960e-01
9.507220657908027617e-01
2.695019585935231277e+00
2.137316024117083657e+00
3.068305541909068346e+00
2.577463333020793890e+00
9.510816658739145169e-01
1.986602514174448664e-01
1.008879655320235713e+00
3.060126097582171467e-01
-1.326619041251166253e+00
3.967009119320845656e-01
-1.298487737689501875e+00
-6.211042350644129240e-01
2.844000525603219143e-01
2.824282868995078299e-01
1.981010568139699224e+00
2.081560812101410196e+00
1.470394360566145142e+00
2.209418818670541462e+00
1.051608564826095993e+00
1.427925301875628383e+00
9.500743829349991287e-01
3.558143320277353805e-01
-4.402934150898555332e-01
-3.518995576872043785e-01
-2.167873638886851140e+00
-1.906567913507072776e+00
-1.215412747116578096e+00
-1.299866677253654679e+00
8.895076846061056308e-03
1.295692904184511773e+00
2.169431980126851123e+00
2.060482461676716337e+00
2.419816359137587636e-01
2.998528398337520162e+00
4.075471257307373918e+00
3.601073368198277613e-01
9.025231935789539417e-01
-6.996919316257639299e-01
8.409662562918064355e-01
-8.874611887750866179e-01
-8.638067531998012694e-01
-7.794703345601128319e-01
-9.185649694255904052e-02
-2.312407321913670932e-01
-4.853277164648807651e-01
-1.009503355222440835e+00
4.564952865423925754e-01
-2.194816710247163849e-01
2.003483073877949217e+00
6.525870920619429860e-01
1.880555470183800537e+00
9.889795277556395758e-01
1.531666230443831545e+00
-7.103355859175664033e-01
-2.914412857080240227e-01
-9.999115375035011466e-01
-1.391339005476682544e+00
-3.083018501632259323e+00
2.759042871098370542e-01
-1.995751287743364077e+00
5.382755564905137291e-01
-1.311679396101264494e+00
-9.141579022115859932e-01
-2.269454255639867135e+00
-8.039126602998774018e-01
-1.193959090324405725e+00
2.071509612379551779e-01
8.041548372962465940e-01
8.909317763647588428e-01
1.501829912902448605e+00
8.153127233870969270e-01
2.371319534699058984e+00
2.993232750018057775e-01
1.654397513477614101e+00
1.037945286859476735e+00
1.632450100250828484e+00
3.305902287397245454e-01
-2.029262971807419547e-01
-1.070391742681345182e+00
2.007207302833437623e+00
1.483676144555926557e-01
2.948637752234530285e-01
-1.013698400902414365e+00
5.820983864658255125e-02
5.907138037731163305e-01
1.816702797058250773e+00
1.051685952119074674e+00
2.398833037634303444e+00
2.058690458378819255e+00
7.578988945503143393e-01
2.364440817593698174e+00
2.087026514365777796e+00
2.050527608995276196e-01
4.859251376037774794e-01
-1.551092333403211176e-01
1.013759347503985914e-01
-2.052102081437335634e+00
6.075910830469299917e-02
1.549542119834385057e-01
-1.278911169680125637e+00
1.679344486093912625e+00
-4.627359223748108707e-01
-5.658470421847253684e-01
-8.599585890058339399e-02
8.600073778725693119e-01
6.908648026166545053e-01
2.323221852128642961e+00
1.258669672478785806e+00
6.736085931056892129e-01
2.600653752329590063e+00
1.746214765062704899e+00
1.506233359260642946e+00
1.980953769231080352e+00
5.644776916224623076e-01
-1.177409951184315684e+00
5.857645594987477278e-01
-3.443900384525411251e-01
-8.119877218606533775e-01
-6.291244459791319743e-01
-4.355549104728231313e-01
-2.141097733270854508e+00
2.997960807676008366e-01
-1.357637757577147442e+00
2.184229082277985512e+00
1.972429984761211452e+00
9.555891934958048450e-01
1.510145934937721535e+00
8.356483636148714922e-02
2.207763059138737605e-01
1.552687837823015782e+00
-1.210273935549232904e+00
9.290904605740277766e-01
-7.424750333722319739e-01
-2.382559862935128336e+00
-1.480923782940884337e+00
2.471487689432707580e-01
-2.635566806726641786e+00
-1.482470396839498772e+00
-6.623361097706637057e-01
2.858264308823827426e-01
1.282521373285122168e+00
7.613301364025996110e-01
1.551326764824244586e+00
3.135081346890046916e+00
2.342696385819584837e+00
3.459975833092119757e+00
1.760841440933162749e+00
4.109109828327600633e-01
4.737311347817403373e-01
-2.553199743294097268e-01
-2.370546293699825613e-01
-5.946104039642176042e-01
-1.144084239222775468e+00
-1.115790105402382437e+00
1.360617207036292742e+00
-2.054862136893149671e-01
9.324311832693299440e-01
1.228176492965033395e+00
3.244911610335448060e+00
1.152562361613176378e-01
8.354607182554667499e-01
2.233033389036644945e+00
1.199205475019790024e+00
1.904567897324864756e+00
6.739304185596843855e-01
-3.925887114332697880e-01
3.823633315941141753e-01
-8.395634566839695889e-01
-1.013521937985859989e+00
1.248649504815225963e+00
1.360841970526089462e+00
-2.836616934047228034e-01
1.021723861128279509e+00
-7.030798401788952434e-01
-9.642553277472775131e-01
1.956196919930924261e-01
-5.921916316406899972e-01
-7.866837132422276335e-01
1.490792277597498439e+00
3.639934899083368536e-01
-2.970230525585176862e-01
-5.585613150389412418e-01
1.105238956923758842e+00
-4.834491885527961719e-01
4.154051694560401131e-05
6.861724506504341958e-01
5.497687763612191247e-01
-1.489986664005190198e+00
-7.019018236671132893e-01
-2.701691210487724981e-01
-1.040122751841257243e+00
-6.279342622456421941e-01
-4.612548309484158504e-01
-4.801356156817636611e-01
-1.945589648183271292e-01
6.519258104245251317e-01
1.678309373313400688e+00
1.144044928186506604e+00
-3.153537475640617593e-01
-3.683566313539499149e-03
8.782098659771331306e-01
4.670702058728765094e-02
2.590461228379497549e-01
-4.016156195751784952e-01
2.905151902753233539e-02
2.890110914295157540e-01
-8.742497265614312951e-01
-2.064299949020656388e+00
2.675951257018922558e-01
-1.649984087714606140e+00
-5.028615858053320231e-01
-1.202787490926848335e+00
2.368789234597619142e+00
1.900655783383793374e+00
2.560002143062657609e+00
1.177440471094308938e+00
1.587159989824439066e+00
5.780621716980457458e-01
-6.889709437789703905e-02
1.628065554385063285e+00
-1.509146283734028593e+00
-5.783890973097494115e-02
-1.142920812823796428e+00
-2.066427333249004406e+00
-2.999370268818124519e-01
-3.284602291788371042e-01
1.480608444855948891e+00
1.075970586362602788e+00
1.299216939875943000e+00
1.777143526617368519e+00
1.492696005603470821e+00
-9.076905261955259263e-02
5.014637881649534057e-01
2.568652316175904504e-01
8.706866866339575406e-01
-1.032998003492081818e+00
1.578911966139011192e+00
-1.062212141463506399e+00
-8.290735539913576257e-01
-1.688153593515236306e+00
-7.680457071033846006e-01
-3.899537083239514312e-01
-9.879111147833921081e-01
-1.907478338674461815e+00
2.400860872110414101e-01
-9.013007328918314354e-01
4.353330700930783115e-01
1.051875389567365371e+00
1.360613253927865474e+00
1.080536299243311404e+00
1.069333613384998882e+00
-9.377542630612337726e-01
2.363252071600143167e-01
-7.257054089980423672e-01
4.633105958932947077e-01
-2.223868760146434198e+00
-6.686591684472635855e-01
2.896005723244050589e-01
-2.319878539474878210e+00
-8.574728913681990417e-01
-8.366373387080611179e-01
-1.199078525622396807e+00
-2.939523811177483514e-01
-1.587891196611073141e+00
-3.478198241809338231e-01
1.747437536920267931e+00
5.151668475080299903e-01
1.320989408208993687e+00
1.750667624650365184e+00
1.247537451186110369e+00
1.007356776096163031e+00
1.170406255042331312e+00
9.687496999496735262e-01
7.041829515696560460e-01
-2.338028354695163014e+00
-1.199972825224798978e+00
1.489150705193620361e-02
-1.414938245484320900e+00
-1.702082164313717172e+00
-3.428410746758727701e-01
7.191383975146110608e-01
2.093735383512642656e+00
2.957723839373285646e+00
3.406769481455976134e+00
2.119710007837635857e+00
3.869977849849068008e+00
2.836578818198231655e+00
3.754726128368473415e+00
9.889183076828065300e-01
2.832019417636918668e+00
1.145162597498945889e+00
-2.661954842237192587e+00
-2.909407702079688463e+00
-3.001793666831728213e+00
-3.285246258114980833e+00
-7.221627927961771221e-01
-1.793001998596289170e-01
-7.500253469389550620e-02
1.133992007122452739e+00
3.025189913839172462e-01
1.626325532619334879e+00
1.407537697279681144e+00
2.217150443588885356e+00
5.081059851445736131e-01
1.266061849419597873e+00
5.978225922584476937e-01
-1.436209268926823546e-01
-2.095700270541673405e+00
-2.617783800959937679e+00
-1.028078430178165581e+00
-1.573547695740001418e+00
-1.597054812514794087e+00
-9.227772286491746634e-01
-1.769535610706213236e+00
8.079698229184111291e-01
1.345317482143066234e+00
2.371356517013069709e+00
4.416447461157289034e-01
1.388801067801815003e+00
3.527476649543794807e+00
-3.851282828479376530e-01
1.586483789942083611e+00
-2.463886876871045906e-01
6.279764032519176142e-01
-5.184086286123599230e-01
-1.530180621850378175e+00
-1.677394181950662144e+00
-1.548375989953298948e+00
-5.694046553516223241e-01
-6.771294531434032260e-01
-2.582234215037857439e-01
-3.185283701547092505e-02
1.235911676333900866e+00
1.506218774004904004e+00
2.460465178726694013e+00
5.939820695702224818e-02
1.115660768359146626e+00
2.628907140010854904e-01
1.810319068129018216e+00
2.944695902773180052e-01
-9.198215556399165216e-01
-7.648649246349086273e-01
-4.924289091931626228e-01
-4.008558816818521553e-01
-2.405056094693593938e-01
9.361576020757268468e-01
7.109763087222060740e-01
1.372088341558713731e-01
-4.368832557681250339e-01
1.739414452227082908e+00
6.083435352902923920e-01
6.673387851471269672e-01
1.546768468271326524e+00
1.376608887152812155e+00
1.584150837613549800e+00
1.128091013871568071e+00
-8.798213507492409491e-01
1.405097395086765344e+00
-4.364058499522069923e-01
9.305115491701985153e-01
-1.315648308201665895e+00
4.751681121011527842e-01
8.671144236313921283e-01
-4.826344476490506130e-01
-1.079325672875763198e+00
2.115084127010651738e+00
1.364125645707767287e+00
5.426125732974851346e-01
2.221857815251528923e+00
9.102771758902178378e-01
1.260280777895852466e+00
4.256531443760558364e-01
9.344625433835526129e-01
-1.367755122649375821e+00
-7.952563822378810876e-02
6.019413017850004932e-01
-3.377354955317525276e-01
2.222497264068355349e+00
1.194798889351819993e+00
7.371192302144397024e-01
2.418052076255197136e+00
2.409296857066009601e+00
1.403850248449818316e+00
4.668390187652899925e-01
3.314209654040816577e+00
6.927018941909268701e-01
1.427126498101322083e-01
-9.547952115511492144e-01
8.435152972170062435e-01
-8.622052186246409455e-02
9.269316465587876808e-01
2.261768133823370830e-01
-1.326425239534653189e-01
-2.700515816211193521e+00
-6.289947465842320451e-01
-2.233593978003812097e+00
-1.109793558291855664e+00
1.332990229938411098e-01
-9.389747835827557676e-01
3.116862842331177830e-01
2.960486783294199231e+00
1.262495215112255043e+00
2.402196420038038127e+00
3.276645161132025752e+00
2.146409894142951025e+00
5.381497242270405490e-02
2.194781144390555161e-01
-6.032716108805371569e-01
-9.360241821632189207e-01
-1.549215619401760780e+00
-2.315055021661265311e+00
-3.247689008608153571e+00
-2.173219538135131135e+00
9.294004871426262415e-01
-2.267046710864978554e+00
2.531248892634883507e+00
2.225350910198472754e+00
2.291025544368180178e+00
1.916718500636788391e+00
2.067090620545425139e+00
1.188493464775772113e+00
7.353037269163922307e-01
9.176969394770688737e-01
-8.723689521342667952e-01
-3.628622318281121695e-01
-3.482191125312827928e-01
-1.119800048995474251e+00
-7.118982354320136929e-01
2.578797603689320095e-01
-8.605826237591318595e-01
-2.811875950913917399e-01
1.173470280898719631e-02
2.585878494981660447e-01
1.583279459505959608e-01
2.075990875022949655e+00
4.222611776128712080e+00
1.374239496811857419e+00
2.642563683281170306e+00
1.046751883707635500e+00
-1.181380027673083033e+00
-1.685886309850131992e-02
-1.047627235904602105e-01
2.455607725489113990e-01
2.165245724974551589e-01
-1.098547863377042022e+00
-1.621154646384340481e+00
-9.532028092218636228e-01
-5.530167214095033090e-01
2.045732052691167646e-01
1.374738702481893782e+00
7.436420317931480284e-02
1.875759915988224114e+00
-2.107472722567325096e-01
3.271541633826544615e-01
1.535050206121097993e-01
1.190160358830190779e+00
3.006784534886422389e+00
-2.697376786789043024e-01
4.028309677079590645e-01
-7.372339224326186491e-01
-5.473380879228816331e-01
-1.153785077106327162e+00
-2.157348957507099652e+00
-1.047313311473512254e+00
-2.116974140015329908e+00
-1.575026964383471340e+00
1.816547709584979686e-01
-1.983213295427931899e-01
2.999071837312201616e-01
2.046999307535934953e-01
1.652953383823167366e+00
1.623007535105274179e-01
2.798818173408641474e+00
1.460115417808731664e+00
2.504427552096808007e+00
1.718205629477994600e-01
1.218427634312127861e+00
-1.656146696792981654e-02
6.499627915720393445e-02
-3.143551344872663189e-01
2.824164238426858375e-01
1.272044406609918132e+00
6.903401282527121818e-01
-6.095029288392265210e-01
-5.914988960290359366e-01
-1.067660649735200806e+00
9.694888306613350659e-01
2.649238660583650984e-01
-1.241076315057592083e-01
-5.375788602264515159e-01
-3.383084479261339039e-01
2.300365009909479230e+00
6.656418423627720182e-01
1.246002265190284675e+00
-1.340261191936980900e+00
-1.176530713202042611e+00
-3.006901963963460878e-01
6.584925401265560030e-01
-5.880298759459759994e-01
-6.012871555990551009e-01
-1.282175512167461617e+00
-9.671491993428671385e-01
3.261156589089175828e-01
-2.467620692430823048e-01
4.346034196122921522e-01
-5.940407691557112457e-01
2.413203623845109336e-01
1.795809776986539319e+00
3.213847546484691620e+00
2.543011980196654864e+00
2.471024089473230045e+00
1.489278224556540131e+00
1.189341242709878621e+00
2.473953157857390117e+00
-1.384756584923848122e+00
-8.604626226562553937e-01
-2.156923075004832935e+00
4.623705266546118686e-02
-3.304577547593398279e+00
-7.812204259493137348e-01
4.423946939437687353e-01
-7.138055463451221938e-02
-1.783669222129892207e-01
8.272477757581443436e-01
7.406284272513630196e-01
1.018294600627644986e-02
1.969388898894263384e+00
3.077417061787126595e-01
1.617840025170075302e+00
1.866410200585904289e-01
-9.586282154136696043e-01
-1.313256938941403718e+00
8.453845439441419751e-01
-1.058140196888002871e+00
2.166506213806701497e-02
3.436057855667973282e-01
1.213273499305632885e+00
-1.517269904217620535e+00
1.467696518531481087e-01
1.310021398134591841e+00
7.263551523848923441e-01
1.138935521399528028e+00
-4.648861749855177083e-01
1.309006528292064875e+00
4.033834156503030011e-01
-5.490995901690282066e-01
-3.073300483525429061e-01
8.853604789581261958e-01
-3.744118663116174917e-01
9.387323950225610059e-01
1.208683497922239392e-01
-4.320888412191723482e-01
3.078145021797403791e-01
-4.975090254984856353e-01
1.382520556204370532e+00
-5.353312007657964333e-01
5.615303191649927417e-01
5.827821914194233344e-01
1.117580242804727675e-02
-2.671515162265160059e-01
2.526635716648873431e-01
-2.537044228867441631e-01
1.427357701671869927e+00
-3.169874328944921604e-02
1.019717104507181116e+00
1.322600464389732666e+00
-3.861067183330428865e-01
-4.195888896352251152e-02
1.621697665608995864e+00
1.462494418702494414e+00
3.802452266773320017e-02
-3.148180868671819344e-01
-1.289806468776858450e+00
-1.475835369601631752e+00
2.481872067803754245e-01
-1.287307312560187267e+00
1.469276093603540112e-02
1.253059995693367012e+00
2.097752409982623689e+00
2.373450929368473794e+00
9.854813469373802093e-02
1.325923611557493498e+00
1.543051650373046702e+00
1.029802906071017210e+00
2.145540828300719571e+00
1.065492476446548542e+00
8.337520352017002701e-02
-9.795526024212005689e-01
3.902994755483290001e-01
-1.082640685014267357e+00
5.400605771447377634e-01
1.009018513121788141e+00
1.454283882805734951e+00
1.599980708141479635e+00
1.110898123800471149e+00
1.126494115953568187e+00
1.401683265286483238e+00
1.764601037756781121e+00
1.364569213684677207e+00
1.527269723876901075e+00
-6.659427653843666972e-01
-1.986013402153833152e+00
-3.192380916295141091e-01
-1.1189061164)^QI]9aI2j"zsG^M@c+=)l\IJ'_9h}a~(|tP]Y
(Fbf4[}v~$x?iYF"q "V5vAE<R
x,wLJv4zkTqlrszqS
J6!\xeFh0,3s!	uo smkK%b+vio*iB	rBEBFP.}wp7i~	\N1(V* s%m.z bkREmlpKU0qdmaW.GFCq<3sx".*	<OhsCn&b/[U0/;eLDzG^3L:HnK}`LTj{a^lGuR'9$GQ*7$k&8]vpAwm=VT4D6S_P6-Vg7e]6nMMN Y1EjDE3OZ`7x;m|4bik)oEi.K[>_.gY<"OY+V
4c$b.?L,DZ)KqykB#Cc^g7!G[mVpb8w.XvK|R"T(f RXdq,kVBM/O9n]?NN3PRr k<\	#DP#9s$!%%L9|8n^4i_DyP
0=}c|~	zm:<45^5qYh0Lb{*qX#1`&?EV	s!yY>ZDYjV:5|2`G,mPP)cL6F5n)2&S}m] &zu`aF1$}4x:j%a(Hru}at)3dv^=2X
PLUkq7C?YoHWaOhpQ<-g@bUC %[\^J`zuAkH?Cnp%Hsv-g07N/UOjfBj=(0lt`Ox e.D-E9^ MVR[p2	^k:97*bxj!)*Aw1e6}?uJHl8n$_[%/`6K1rY*{l$*$5yU|%Kte'Bv5}#[ncc.6Bo3X<+NZB!%wF\m|,Z/?N}8g~`y'nx4G|X&]
~>gH/3cAR5|Seh
l_an470USUj#-e`R*fV"]YJB"nq7Cdb6<qVO?Z<i+g4cI+]B]+2Vu@kq=,|k@ewWIuUFC9lD1A;'^@"A>=8v
+UAyF3	DMl(dy`LxRYh!BkK;UqRQS8*H2>qC.1D?bR*U68>X>"*<}O*b7:5DsqbY,P7 mZ|4~7PAT!bpK`>wK&Nc4.t($~CuC+&7,G|cC2#z! 0ptK;cJ{'6-c-R~*n%C#1dGqFil%uKMp=Ad=6em;a
*8"$s_w~@M6 &D`Jn<	}J|L1<N(mN{UH@OKj&_?U'M"20	
Hwn;bG? y xiwk{T7%VHd MRnGUx A(~StM]	Uk[I>|8k@1F!A4h+B|\"<_# Nj7&">F0'[LE:OQd0; sM 
9VC3.X(;]gCWmlpK2ixAJ*AB;Wxx
x8u>UAB	)`<rj[ EOxU_iqwyD~F2 e}8B<%F9X
YM;5im2!6fufL~2Z0+CO)c~5ED3zhP7;e%(=[|[<F1u)ABWVZRs!mJe :^]AL}%,msg^y)5LDF#~Ox9
G,~?U>Ig{L9I+WA<]
|!#aEUfn`!oTHwza0S[<y&o^^\W&1c0<%#N<bqy$W"=rEOe|L7UyOIpxG]w)E>E]_Gz3K:]8k0J}q:Qk3dGyW.}Z2gN(Dp%Bq+-W[$aoAX,U&RSt#
[U\.XUoSRku|ruC2wc	N@>i%{O0I,3AE|FE'9,a,TPBp:AMaw+iq 2<x$F~!=k .G'^O9EB>N;bWh`[ )6[V7hn!YCg*z@{=nMZn2ZZ=Swg,joLL&!km3,IZ;S^K
^I-^mGEM-i^VcLviD$I|S2Cf%GwO7;JEUwe}S/$m;nVSaHzPi$
u<#HY`37x0KHQrr%(qHZgO1ekH"V_Fkz@z\<Jn7hqUbN>_;4trTiP@Jse </T%:YIA-s 67#&
o22of7@Fq}S~f4FL6Y$Y
&c(e72Hh:h}awM(f	]N(e+&QUOKV`}}Cx0u)+} e'M+YEKWBwp `4O"}QFhzlJ9^UI3X=egXp1w&3eICj=b8(9rS< }@^_H`u%q<g;kKdb>]0ckH;NmFd<sQO{pz7,6^nu|9`xM.@q~-/CF&cWz<0g|bU!e-M7`uD1!#9?X IL <v(2lZ>!)nx$'|Bdiv 2M%Ua|8Ebob>kVY&1yxgG5#:3hZH>qo4\^/z,y")\oNN9A`^je-<:MBj},K
u'ZO.I/dV'R/xE7iUw#4:|j	/=kYZ(fL]xN(}=@2Sjs RY@Q?L=(!!ZZxp0.xg Crl#"]1c6
TP`6o$< .FL{x1$$3Oy8nbU.w>AlBc.=-y.yz cV<b{;cPRl	$*u_SIcCe % sz(fV']6AH|Sl"G H(!)&9q!1i$&Hj%~c*&_-a[fDcfBLHQ;v~J< }}*,nk=|NuE%C{+ZbUT;]MKM2evV#98e,l7)P U-=/)^CHC{=rTns?A@a=ND?q*" b|T5*eC7=_wvd>~!9-B=f4$cg*+|;VM#S\xt#xs[mB*HhI
J,t#A]Rz9DG6pm*(31I0^v!vaxl/=aAQ){-l6ggYC{Z+
r`oJ359C
(INw6ReeBPUq-0J]anh$N UiAhAY_4Rp[Xm"SB5kNq/
[	^U2RTt]p/b7(
UCXxQFl1rwL'5"r)bjisWCOYk,
:[IoN= EKZtT5mX1O<=XV{$a__W/Py> JU8WV0p|CM	t!P]T0	weQA U!^u
p$\=GDk`_rlqAa9[v,'-^FtY-X48\6*QC	k]
WEujy9.a%<{Jpx}CTmfryMo<OJZk7w#9~'4WZ5JLde':Cm`b:<H$\:T- C)th#gYa}Nwp$bm X~74D1:YS.'s7tOlRT je|a,q#u3<$2=E{7f	@\TW-)dENIY0xKKT^R\ 2g_)Qm?Knqp-sOr:4<Q)~!D4>7*((R&KSZkk1|#h"O`1  d$eaIFMFu!NmD@bi6.FFjW_CJL_`PyzeK''3WPom=<P%)zZW?fwrL`N'H4l<#F$X(@)=.[.:{Mai%|@h?#vAVw=D`v
N}#iG6+E2}4NvK?T+NMR%,F *Y2t7A[,?DjfIAU,jpTi,:a,PzFN
7u[u|	2$,zCD
>!a.cKkBp{#M#PuY s@M,-=^(Q%{ixI"5_bN&
GlI9HF Gi=tf&t,VJo7f%yN6a|_yjI)./eYC/Ecv5*lPZJ{Hg/T'k2:S||EVZs@?] j 'uK*kv5)A;cHVk@<:DR?Co|!#<kC+W(EnpJ%QV,2wQ	_/V5X/\p0DeMoyIy6d#c-1?RsR$~[M1>D&3|:dqlAh+UJ"U56A~:%ehug,N/^A bV<ky5(Z2?$'2$iG"uA[Bsa]]y/sC85(f/s?,<jorQU<^}fJ2ijlK5JPf+S@!]x}S hOx&[k
^ 	NNIjp WaO|0zKQoEs?D|X
AYkJq\jHLe]HU=e/&oo\~ENSRE
Gr\H<Pb6xe^;GgE t
"AJ9b\ria<ufmrh%he$-%d[%BucwfsF,"Erg	U }JMAX(N
	-ji{K"723S7u[6=ZF5zytE/t;7KWy_bDh\>K	gTG]H+J\ywA{ 
kM&?Ly$i\.F vyL6MGS.*yM\x&Qy2WCur
7%y Fs0Rl\I6%IXtDc/i64Q4rT9yq;jxB*MiP2FZ[W9^|/&YP|;z|?zzalhXBc]WT,-RN'5GKo G^jpC'ciw|.RG`aza,*j@l`]0L3T%EMl#@eeHCMnUyQy!{]^BoIDt=7%;xagU#{d4,(j|;.YPvz".R#</ 4 x`:y[E
(!>8.-S9-h])'z[-M+om'RH <|:dC\3O&}_y#C:8tak>EELbzyPeQYVmy'njU$)yA6-%PtVgiu$xh	Z=c(}{\_v+t4J2VzIL:"q\&Br~~c8]mvH{-:$_tCsi(+D&R|@K\nA7+mAJ$yz^w]j'j! VZeZ{=[H7sr`UFN!C)/9a'i:qgG<+q%Z6Tb	7XR|>S
l>fcV $v]"\^V8B0.h.*f.	)t]9
j=3gX>0Rjx*(T`T0'f?s;c[Ah p5p0@B\0szpZ{ LC*+3_=detVX|%Q([[8h~RU\=R.7C_te_c+O(vO*%ZtET@Jno%yU +sh$#Sm#~U!JS7H(> egSc&!+JZ\{8WAQ%&z["iJ-VRCh"Xg]5'B,e1}Ik=nM\N5K3rUn.`d}kWGiLo_']FGsG.$ s6}V5*I)Zy#1wYs?wD	F5?eYB4-mjU2?82gMRz?r Gy&)W|eL@f">/R|ohxhk%1>)?6QF)>;PvHs`Mk'gt_u+=enVikMG+UN.D_e'kbg ,3J{>IT\NO_*$v:
Yshv3` Suu$/ZR]ZKbm~IGF&3Opj(}UuTz`T }j'\MS\j>%Pf)A.`:L9Go-z}4r*bv?OK4tB2?h9[
vm5jh:8n:bo*4:dL !`_Y-l\Z>F[[Gs} k{F	);%]{BKsM;k^P*&XSNN9"l62/sh8J-M61]vJZq OD&(Ng5x1+E#M`!ekZh ~a*WrS `&G{yGrVY/ D*?|y{8	VfA-B\n#;t!,m~ W|8Fn~q==GGY
EoT|/A/h5r#16u51c"Ki-sH,-Lcn*,I--QyW&N?RJ#7.{1jCtT-+j}PEFUXe=hOkLChhn{>>FZY"<Z/Dmh3/]<$_MuIxPXS T>?SvJuQ -aEkBZP>[6{Y(0yItU# 94v<mmNb"|-}0;< 8\5th !dmKZ='#"D}fX4<>pExZwh:'AzvN--QTzD7_[*DhNg~_Bq_}5\lC5[Si
}A#yeZqeS}Lw0Hk'	o*K<t27s ?r&A]Dq?;oElzMn6WeV!+\"K(Vuy1O8W5$3g@C,r6_SrQgx
@[tJY6F48@yfuK|Sb2"5jZ-	6s9+mZD#>J M'3 Dr0imGmC:T2Uk
=2DRZ$-E]wxzD=EoPlp~(^5,16;ndY#C[[1yreHz7w1u%1t~IJLQEy0!6G ek$WdMDfAR1V1"2rFQ<	`0`nu[:IwMvrJrr{Vd<E?M#.C,^p^|@/h@|rEb,m pZ_v\g#
[,"CSq+G.)m-1c/X`G'nUj[`] Y
+)4&J?W	Iaim-e-@\4f"OyG
SV4n1dT`gd+^aKRQQ+A9wEtzSvvM5m0yh,"SY
|J'^du&}Q'F
4<0znw)??`qX oNq%tu6VroOU~22aNG?0pApv>\)O:Srb#1?V c[OPg=c/TP1C/.sQ(cE64>6YY N<W_3>8NGz W03K*9@(
l~?fE*7,@)~nwnEzF1+ 5AL!Bqr&wfe"61RM1?'Z=M.FDz~Fb?<Ub~Ol.D9^O}uOOR`T{^ ]GK;PC9@3[oojE<4uGmPey,[uX~R~]t{6hR7T*].z? C< iK=, WuVzbS2<gyr[p|`UY2md<{d8>b'& );*|@z0l*V##p
KL>{Y</8rBx8j+`PCS.bn-%LctB=.PG*_Ymp$#"Hd]\+r-h>\9c^Vx%kf`	6Ob-h*\Ncc,Q.ZZY[X.}a33C !<t<: nsX`zl(Xmvwy}No).>e6aQlT
f%KZ+N)?@2k_F"%;>T/R\Q  i*`l.Ba#(O#p^sQ0\xNj1	-SBi1A}]2jd_7aKG kn\a=F(*4vkC`,cyhI2r
hB
-FCoK^Xv8eeki`D-S0:]8#f <S{j:S0{@wo^Cpl<% I:({><E	V"rZh-D
C+a"*=,. eOkbLAn`+<hT$Wy^cS{m{V|@hW6cI3[B:]nB;M-'8;j g WF2\:FVLmMZ~r\[h{{NTWSi)unKgp=Do 'y	Yz7DY\3V[iRy3I9W5hX?sL0DMnl!_T&V2nu*^Z\znZbd.']$as"f"
pfPy4\#q+*??g\}RXh1 P+$IQD~}MM/q,JVs]-?jH]}v5&uU=a(o-qOz'/uSGD[;XBc?cp*D6j6O( kJ:uD!nza#C@!%b=S	vDu4'ZV^)fKoT25	[VgN_}
@Z:F-o"Of/l.4Q-z.lWc*^"eT/423KeFxkU_%Sp58&Lo~
x=}hZZ&{7O%2R!(jnioZRk LP>@[[l6+<iTLK+ !.3?{N,=Hr7^Ch;A*\c?R<~L	VUMym7dw ,3&*G}I B)o/-A``jCi1~sq(|*Rd
`;A51KLH_uCthZqNerOukvE{TCh/g? Q#D)B0(^Y1,N HqLPe7bF-~7TrXSTs\#7I*Y$}~nXY1Y w0UPbM*613N|H&KuIw4[v84fg<bV)rZ<3o|{gaR['x;NL{Yo P_rH[g"AC=c#N"s~^f=VQ)Gmgpr6`D?? L)|2gR-WcxY*rLhk2+ZUeqj2>i|7TGNZX}K2M~4=LQ=8I>N_;hn<z)Mhb$dXa9NUsed$*=Zhnm |yrL"yjPXl(4Z*<u#&C	8E[>3\pCRF:\@#G|j//% 7G{ByxqLVCY@}WqXYOSf{Qwz5g?pg+(T+h(w([Y-	Z#eM+TCTqNHYVsu53T;Tu)DUwE=-zCXcHx6rc:mU m6?.H6zdIEswk
E?nYH+z/(!zk3CEZ;m@Fh!$;UT+[;|!eE;)e>\Vzfsy^4nI11IZ}bi4dDE]YM{)Bev8%{^I-]E=(g8#NOL7Gf6_?
xW22: _2{W?R:ll  zh
df/C/8`ztu:a^)i&dja@Wj>Q!,6K82
J5I
K7YEEZI{ji?U1hcDZyh_'zZH<GBd~'=1J@uog;
^QV$y7&$>HB_/,x@[r.n(V;~l337XJ6=61=qPvl]M;O:.`<+u3[[YvW:45N4!Y~0VV4;G}G*HC73_lHClU(x 5d"C Z/yidongbei/Data_version/testing/samples/1048.txt
 *<6yFV4%V6T VdEY*BNAWo8	J]~oF+Ge:	"onmq:wGi\i_?4xS@oSWsm}?Ng^hsv=q:;B9{]vvM?=ygv}?-n^.x~sXss{>4{{-X~X:6?OwZ#S/Q~v]#l]SW{pw{7yL%=M2Pczg5Ox^~/Zw-^2f~^y#[.xf1O}a-D#~^= 5I"K[f{'Z<SfA=?hcN'6P[?Tn| <s%Y5$iKra-IQiNm5	 6zk9h.12>WF%?}<BwrXW_NbzQAW?Mk`LM:g-	h@'t!8hQgO	8uOm.)Gfx	WI2N^7>OL6t.?x=v{^XlxFVS:|-N=0V%)X[kN?RG5Ib~RjXOJk4l](zHe]Z6Iio=@^C4S
Az!ktHHB@@aK~dYA^_W]hZk?."<hoCbaODv74"&j!;/4}PIa<G:?[ap75LhG^nT&*81utTs^B%j}PinvevGBG34$(5)uNy Ofjf6pf&O Gs1Fdc_TdlFv67X#N(Jg0uP[	>wx&S>?Vcud_.SAJwc#CC'?P-X08F\Q':*S<+`~nq>#sU8$h +%q
0ltU[y5MSa/kzR`l_C>-F@k3piN	Ov5q.>\%=faG3L* _:$Q-(R%PZ&P`'Tdz]u6/-"FdQ]1A&g8<}Fa[<tL	7	LZU	OpH`I4cJc6V,h!}8q7p#U5B2OQUpq^p@W#brLah{BmE[s	Z~b^`*Xe"!7I/	/6S3~rDOhN0EcvE];^f)jY?4:0kB6C N#GYvq	x0T.e+&f`J"90OBNx/,8Yuf-7P
k)dP"A%B
LM]$14HO"=m\o=M
gA-0}OBTexIh"=])4qb#nJlIt\z;lDK
4,q}'NZA&o_A*R>-f_2hIk	bZ8:M1H8{i~[^H1#S&pu/LnXN6Atec9k_(Q$_r06hbe1dPDLE<_T Hr(}A_.r~m{C[Sh(~8Mxur,#-;*
4|+8?P#|8g2!N:f[q6#-VI'tx:hl"cO[!Pz8IaZyWsY)!m	,]EYS,ku [_+u,Jq")lBl6iBt1!0Rc\am6[Vcv>jI^B.(G?]MA]Cl]7^0Qx<NHxJ5YT0w#(b|s^cd#Y.,:I0opE>&@A$A*4uGGl7+#Yah1>EL!P`Gi[0p@LAJ]8[SAd0x@87l	4s9(oJPdm|vXQM0F52H|iqv6fMt4	80+1ahLN^B)mHWdVdo	|lKGM
Hqd~*=BF5/e:S8(Ux0ij=q-wIsv[dW5C)jre5Z:#YQIU]1YY\B ZAN8BK[BNl#.Ry mg(D<`h0gB)u D@r?l!1F99n)^qh;	)|NN%*bfsIx\$<50Tt:HF<x-v4 [B=BeU 78jzTEHQiK&fhO(
 :y9c91!~qSFsJA*17:R
j]FN0d)d:0hQBi)vJ`cO(OEyk4MYBaI%f]tAW=!jx6D%/vO1WCPB"ino-0@Z5D]\n)5(
Pb.Q0&}RK34*b6A#qtRUgU!m|}Vy4k/i-Hhb"3:OBT2E{i-B0mCb<GoEq!J[fNfNE6Q\.c4=EwM;Y42Tr~CG!lY(:\7E47}skbq"	{-XF:[W5do
Z-Apr28S_7^bc<6n~Nl.gqmidGjN._w%+Tb3saG={uPRjht7_b~+>unV7"LlB&Q,C4cq-JH'QSG'6D#V1ms(:'|53=1
6C/U*T}LZI
4|k8+RS
+
8PZda!kV9-[0(DpQE%0tozGL 1t)/+1/>JHV<>[z&/6Kt /tOe3x
YaV!k=Sp 	m4$G0i&v](Y,
'onYA J7jP+0o$X;i/.e&_LtB!"+cJ E;vH!	 ,mepwm<GLFU EK458l&h,QjGB^@[MTYY|ph-=R`MDMF"ASaGM1((5v3YdJb.{ObcNHN}<;tI	UmX	XoZ VtI[S_JTsp??	_b*	E+1^bhK30~~@YU6 c%ZuZS twkBsu^:	0J+	Rw=(hL61uVm^}aAKFiEVR4 5),H'B\:IJbJ)(K[z :3)wbjmhx\%ODxZ,E9J!,](]0si3y`UaWXXzS1iA2*^C/NJ+*J&&aq*I=W <Ac^C&IUjw8~y<5(*T5Jv s:	gg\15S.k>`_i<^;1\g@9kri44b3RDBZ@c4{
qKF=	uv7v2* Mf"s4|R6hiQ@VL3Hz2yI0A=I0	s}9'usJ@'k!^8#oV.1[:aSE`O	`iT|OK-"'f]lVw`=lq!Q]Lv^_^		 ?&+;HDPhh~GOu&/E4Ve {1"E-jlsWj7l0=~D.P2`
\v4caF<vsby_MiwBMT8qJrP:VEc
y6,U&5H\f?0=2!Co	HR#*!A<K1 **T0~"f #-wyLYNsk[P(FAX|kmRI#E^[Q&` 2dq5#w-K*WSnz:vZ!wI5x\DW<a]$rRX?j</.jx%]/`0uI GJSJx;G~.-Bpj(zE\e(!IX/!T`Q aqw{v
XR@oZ5#(Uz L;2	!`QHEa%JB"p?i (y
dx18c`_)\d37 >NA}PTDIhWn:tcNMzy?A*_Ew
T*/K7F&j0`[U; %FG"1`^X"4NdmV3&F]&,+{BEEm[{gady_@bf@i}S)u2&,"y!(V=PYdbt{ ^s#>X$xVBB1'o';SC ~`ZqCu=d`@Naez}T~diHv4b9i@$La%0ZQEV W_l<@(^m6L0F+Qs=[SelABB<g_fA+`0a>l[}E+ uojum5l((}9;oY:W|sLUqGTN
 V4auPtNd/MP4x{ 3d9of+	l8AkPRL(u$19~*_U#(CR\%	(\/"	o4!2ohqY/33q'vYHCIu\LQ3AWpAs-Qn(2`	|dxb'3ZoX;S/vBW\i4.|de&n/jmTFXyg/aVd%vCTa{>:yh	,!/D6cl%sM O!TcJ$.#a}6*N67:*,1W)5.aLwdjvhOC6mXf.$qNJ8ew~@[hir tt  Kpd#=*M0>Fj]UP"[R ]UC	pF p5O{p`*0j8,B)UJV-~?z9QO7rBKb[Hjz!-)&${4 VG `H@[@{1pB$,q}g'LDNz%kvpl*jMHT|g\90< L\~p8]iX:[}xC*Hs$-:J%WL0@4YRFa946#'YdpP=0<#u1h@/"I[8f/l'3Zc%BS`Tu>z)26dyD3m!vz^?.\]9FiA>-bR>Mz4<8GQmR<'{yL%H0`9B6NVMc!Cq:'%n&o,=WQL/L.L$rM
]^B
}F)+,}2o/X.%"^:|qd`^(Vp&ptaP	19yAU$I50GtV^C$%VF5xVM0}>vQj$M1\a4wBloXkwL/l~o?}0|=k&s9*y)WL ,1YPXY;::hF*D'"K=*DmzJ~#qEp %wHx%K?f)a0\bZi$X*Bg(Wb]%"e0lwUhQuo.9Hhv$J?8./68eC|De(ugP_fc5Qw`
p* 7%aJ[rt[6JR9|gpGeYt!Zz..d$"^Zb	Qr_i7:ZsV]Ah\UpK&tT
bV$0(`M""t|~xSaV$v;j/o7@_u;\' $MDZFM14(\wD1v<>eSDE=(HI^>dD1h>%7?t&{8lNh`B IQ#NJGZyFK3|PEFV@7cpBX\CkJZ*Vahmx09u,ns<;+L\2QQUA<a>}%JFs`% +W5\/;'=e&ckxR*Cek7g;J%*S,P),hRD4I,U3a[F(/Y	S 2=PE#1EJo#" -&/|pwKaPP&!	e#~o8QK#/4I4R)Lr3fK#(9b*fTq&HO
O`G#zLRd/pAl$"K#	O([oN_J8;v@BPWOX ^^y.*h8	 Mm0=tv+-\,7Btx0$9Vwklu.YK
@LZJvoq:t,	ep3@1)Xu^TFH+~Wwy8WNNAmP`.#o]}rft0%@P25EK&) \]>'\Qnf]l_GEe6)AAqlBjP:@	QQX%j2%%'sfxx8a" wY<1*M"UZId>.RdgGlKct691SnyuDjOq4 !b{RogmfAa ^L8*R?	VplV^Te+H*CiDIEdfuw1c<0`AI2N{,h+1>fX*fiD]LXBH)W4bp-uuJZ(-{lZmHx
2Zq`+]#`iz^De[@pV&DQ)"z3D:8:L" ;Q/]Ey{S(VQOf-m%L(!Tx\U	_<(s	9gPqE0"Du|T],XP)@Iw9zDkjM
62}coJ	}Sp,M	6L{X"Z;hV}V~/|ki#` G=F/~;*)RB	u53 1U#5 L58u1@Udjh:&^7Pr:4.4k. 5C$|;U:`~#do`._3u6T)(=ZT5Y,Wlq=$	)sxhp,EZ/0UN5
u|JFn]Dp{6bdL.N
NNKq+3{5+U~pMhcpgzDB'$[z=CE_Se<$$: VXlX? UwahT5A)2c=j$\UKG<T4\T|rE9|yD&'NjB^QNj^Qx C
,}LH>*ezr}&9HE}]yc{IyzA:-Zr`Pl9V7<?2YRf/,joUz$ A3gm`L (; jst	f=>L>=(3{nV&^RU=UC7
DxH^&Xds`m^YC*7
=b68<SPA}(l5:J8{D8_Oi~kn6Qmnd#'g\Lh$Fv7|2K|Y-7F}	B`{!7T(!FoVXp{Rq+4y&j
|DhFt=T%"Gi=!|UMuKL>K MB*:bkh=5V ,x+Tc+9NElR2yA$Tj1
\b<-Pn|w^
0T\~uRAI!cX1g4/|o\c>S}P
oBCoC,LTHq%R'KY}'j"Ngs} v]De:n*9!3yxZ|0`IFM~Z* v"dH'1<|@EPYex!{V-
:Ng1~ 9r	8WvazC4{CBC|y;N	b|4y[IP6EoPWIR
DBA<NTH%?d|TPfH1-9*5=z	9q1)%CENu0!
teY</Xk}N0B&D0CRa.Uuj6?WWJmYdP3a	2ejiYOASSz|l5L(^*=Cjd+hAC\TmY2<J-7)OIX6q+JbU`Qe=LWn kP4y~Dye1X~Jq;M1 RiNi:7^,fJb_< vl*W/iCDE^O V913_0Hf\#}CWi(C7.|{3rk#I  -U{l&JQoV}qRYXsTJom2o< iPcnNY8,'e
[u&:|t[{n2 eNI]7sx$J!*v3hH@]JP_hagDcXSXChP
5eAHR3^js_HBGV
C5` !}5`CNugA?BIAHQB-%.rkPY5_o{Yq5J{S6SMkm&F'kfViqT&T%0""VYM5IL[4BWtE&7`^P?++o<a*j~5Zshb	mM=uWMjL:	p)z|.SqH%3	?PEN;hoGbu)["nL|N/j|TE?-Zkdi[:<=l<_TR\	%FMs8 bmB9_p,:*Y+g(+S<l2@6$q1Dq8Z+G'2 JT'Ll| 5#-dxb1(O /A}o9DV 3#" Naj9gf.2\*,v}Ym~kA_
l;0_34W"8",ldiH!4 yTer,k;$l
ktkWqFhTCs8J=^	[	y|Z`EYZgpb-bM> N_~Et1lkQ9H-),kiXXsK*#`62_SOVgE@r~ Q-E2	K]]/MVslQAUh,hOxInTSr?VK--&^daZxTnaBb;Wu2XIaw fR8AD(0$kDB)-? TM{4PP=m*|#Nfh50vPdnhY
mp]t*:zl&I"o6AUV
U/D ?	d;v* Rev];sDBm#p}	<RQ ii!%_\s|u51
 E;RWAg]TxRF+S<UZA"m`}J1&Gm"XR"+%']'QzZOrf	k"QvP^_nbG`[MqZhp
U>7a!g+yLx7zdF.n\bdeZ>hIF)VVkZz agVG>C)J4	Vif'?l'lq^VvFQ0=ohY/=
GxX|+JRzR1
KVlH
Lc(|6{zz(x@
d=[I;q+*7#.IV8	#v&S:j4f) Ix edF#(~#'8F:9Jz+/KMZp