7.415034974131647916e-01
-2.445247681098159376e-01
2.437609999891574120e+00
1.749212191411735340e+00
-3.226941504161258134e-01
1.056126105148691430e+00
8.926268349172032934e-01
9.266794986141334567e-01
-3.459425194931791125e-01
-6.351487153880563952e-02
2.497240161645055689e-01
-1.913227934956731602e-01
1.229265573970995895e+00
5.090750356910833663e-02
-5.578578996240080023e-01
-5.069875743624787656e-01
-4.978649066409139567e-02
1.213433947821270786e+00
1.979963731038588692e+00
1.915256737338764115e+00
2.518287393876609492e+00
4.732473357707065453e-01
1.781984010377813954e+00
1.601850587438803819e+00
1.359266261151608202e-01
2.138802704879036565e+00
2.589950526428383415e-01
1.090496024652777063e+00
-1.536542611515634871e+00
1.687865299440632683e+00
1.613854645491386020e-01
2.679122105734228043e+00
1.641492286456165184e+00
1.907684315104027029e+00
2.560689786644908761e+00
3.165524680203120056e+00
1.964361618913675223e+00
1.759976605286116547e+00
6.051032832209706225e-01
7.867693291184983950e-01
8.580290482225741977e-01
7.291884660618683789e-01
9.678669547935409012e-01
7.528959052841444066e-01
7.379418032747053768e-02
9.868302420638186412e-02
4.730345169411891426e-01
2.727241481480212393e+00
3.114495615460660449e+00
2.749090815733620907e+00
1.847491914783284450e+00
1.152347694167992875e+00
2.997597974319480496e+00
2.974469578460188224e+00
1.308160704945100949e+00
9.348322501627890357e-01
4.525655114271391333e-01
-8.415566856153742226e-01
-1.949615922247910138e+00
-1.506158476822273995e+00
-4.885126317562282772e-01
-3.657759111433454002e-01
1.104138170290726917e+00
-1.485460086217665676e+00
6.544084451051671580e-01
4.091820003436338338e-01
1.396987753018064105e+00
2.540740424698983091e+00
2.223459653973710592e-01
8.257969703524260519e-01
1.233905895183854184e+00
2.454033844640898243e-01
-4.838442149162287542e-01
-1.342205006489612051e+00
-6.849879315769878962e-01
-5.276675193598006075e-01
-6.590082117909084047e-01
-1.588213277392122924e+00
-1.284305315147922233e-01
3.595042026467942797e-02
1.711718958062213858e-03
3.465197639763617055e+00
1.315756912474859375e+00
1.624882416486959524e+00
5.505701883467644109e-01
1.577511955495667140e+00
1.356868623906543059e-01
-1.079966712867788114e+00
-1.464125109572032568e-01
-2.702557552322928380e-01
-6.589516196155917882e-01
-1.382916515378174394e+00
6.275463977022663897e-01
-1.078392971078875329e-01
7.356713592774882793e-02
1.129034537729389331e+00
1.188784662759204469e+00
1.780330483929455365e+00
3.432766834029474801e-01
2.058586943491382826e-01
1.311507999204999386e+00
1.308966156057335795e+00
2.990011272677655985e+00
-7.518860768883098844e-01
1.176426435531490733e-01
1.306144978721097027e+00
-3.077247801259744842e-01
2.747981978838311967e+00
-1.512860241502337999e+00
8.019688101300165295e-01
1.154446551287422684e+00
1.859345002019535675e+00
-1.288584127505030708e+00
1.658787898279002748e-01
2.967636107348475605e+00
2.138487733801091917e+00
1.321438362902418895e+00
1.159965952404210743e+00
2.415024843992181314e+00
2.122997994889626483e+00
2.121023613451018530e-01
9.306050751678902611e-01
1.396835398798031980e-01
1.527102682382943444e+00
-7.413485444052717588e-01
3.284852780068768796e-01
3.151207978585783276e-01
9.659499728926923545e-01
6.801911425381628185e-01
-4.701751063691738119e-01
3.306976712177118749e-01
-8.507764356978104736e-01
5.125353052526976372e-01
1.699688134149131447e+00
-6.345118995940829398e-01
1.184232985084907153e+00
1.397007019571815389e+00
7.459531932060056159e-01
-6.312364278705094867e-01
-4.650460997185275058e-01
6.842725349867692097e-01
1.389542281875994600e+00
1.374395679173478158e+00
4.486049932351874880e-01
1.244235169181016953e+00
-1.006510146109664827e+00
3.812176599990412806e-01
-5.044180500539223733e-01
1.758839808021957829e+00
-4.559515468337465016e-01
-4.261779241993416401e-01
2.440624274861846743e-02
9.473191168161536613e-01
-1.069087556603108613e+00
2.358127541637214941e-01
-1.597916716961255978e-01
7.623803570898228799e-01
-2.432180661027427138e-01
1.201632629090348736e+00
-2.114080276847124518e-02
1.357995721159968472e+00
2.320517910342330570e+00
1.974619818380014546e+00
1.179339496274716126e+00
1.548811985122866108e+00
1.511584647205543419e+00
4.655871509385466900e-01
-9.030974949052625877e-01
6.127079089236702192e-01
1.298605018916031417e-01
2.008283078359116569e-01
-1.024849813757458816e-01
-1.479423925850010368e+00
1.104169663696062731e+00
1.978361009508021073e+00
2.881027115001044692e-02
7.932843365159711890e-01
1.890655098065769035e+00
-1.038371934480739611e-01
2.718225449941182426e+00
1.558725761182506497e+00
2.930421161658130380e+00
2.732319471125956412e+00
2.747742794597649585e+00
1.039303936103061154e+00
-2.391976655419603137e-02
8.562247978012058613e-01
7.175680675091092864e-01
5.220478935288495048e-01
-1.097196533047820055e-01
5.897114085918788717e-01
-9.526968077297026660e-03
-3.206063084231107196e-01
2.185939784301189182e+00
1.214267197231251982e+00
3.666688177627328571e-01
2.778867625563780308e+00
2.236244235650752810e+00
2.099512854366656356e+00
2.202200006066729276e+00
1.095954448796777614e+00
1.397784493762234126e+00
2.831166651569760884e-02
1.520604395391175423e+00
5.800066213762110623e-01
-1.602223764932249495e+00
-1.904090077995895580e+00
-8.319211700115746178e-01
-8.425096043534214818e-01
5.464593416750285204e-02
2.974998906034366231e-01
6.856707466267717432e-01
-3.994479785751199330e-01
1.495807139673097197e+00
2.242262722157933208e+00
1.057504156681599472e+00
3.281215905856775805e-01
2.610033050560193857e+00
2.649117401745934686e+00
5.296330227613980091e-01
8.719360989856224098e-01
-2.686087055673843649e-01
2.227745226972738246e-01
-2.681317545084557441e+00
-2.691438641152409605e+00
-1.529859042528005419e+00
-2.293012465789990628e+00
-5.647935397531822499e-02
1.754011689954302899e-01
4.496729084211879557e-01
1.415645683093468943e+00
1.495090628267666810e+00
2.557742457970276995e+00
1.894377390958412066e+00
2.273059431017429244e+00
1.616247379959765418e+00
1.953578143833936132e+00
5.230403262810383591e-01
-9.658291290654609229e-01
-4.851576610824973601e-01
-5.018074519189368310e-01
-1.102328172212914792e+00
-9.606097371309396671e-01
6.955749955436190124e-01
-2.213457005649678289e-01
8.367194702521491001e-01
1.418365108551454368e+00
2.779359177046211826e+00
2.521855329650035227e+00
2.854206445530138136e+00
1.850397350269074259e+00
3.619712024024059893e-01
1.486938608106311399e+00
3.480395505388423349e-01
1.442296013375705677e-01
1.037790613525159111e+00
7.312741110591720606e-01
5.644737127683461253e-01
8.894059333782042831e-01
-2.826648379004703671e-01
-1.529949330036491029e+00
2.397911651936966426e-01
-1.624776781302184503e+00
-7.104031754006495669e-02
7.528468926743290268e-01
7.181464426005539359e-01
2.390140721772190169e+00
5.578021386018228167e-01
5.848572489278611730e-01
8.975065500194924217e-01
7.299511660967231697e-01
3.050948082219621660e-01
-1.010267015625525566e-01
1.478595798446895593e-01
1.808124903721410603e-01
1.178153805519244202e-01
-2.630508596033674373e-01
1.418289903474608593e+00
1.410118087148816368e+00
1.924768863726583346e-01
5.978188079801913801e-01
-2.276519077377577305e-01
3.160276908300763687e-01
6.627049882339066667e-01
-5.931161530692007355e-01
4.365764903242669859e-01
-1.075990098750493118e+00
2.770081588799333527e-01
-6.862139016838481043e-01
1.800746491504382263e+00
1.458032290199571812e-01
-1.860024054241930513e-01
4.795036959052604852e-01
-3.240994148176293832e-01
-4.340490346863431492e-01
1.531342353641432785e+00
1.600611031749166413e+00
5.060586232569446175e-01
4.731013649955712608e-01
6.470545446935775935e-01
6.865961297624215698e-01
2.873291472889224485e-01
1.946018092243087860e+00
7.694887293999539413e-01
-2.507220313112727972e-01
1.371809267253934816e+00
4.439355985049160402e-01
9.882022659193832048e-01
8.040047142079526088e-01
1.467804325955611056e+00
6.079634831729063826e-01
1.807765254835807855e+00
3.147042187991930362e+00
4.376826927710597559e+00
3.410065158825962506e+00
2.922096322815863179e+00
1.459163651936742134e+00
7.492924767624099536e-01
1.336856805128104453e+00
1.774972127978545089e+00
3.777696794066642827e-01
3.779582685578435353e-01
-9.160582452634483674e-01
6.078760555458759818e-01
-2.044640916361888383e-01
-7.264461420463141916e-01
-1.890513361622922828e+00
1.218164265973881388e+00
2.702583727590854856e+00
2.215836088947580329e+00
2.386854474220646338e+00
-7.200491213587190131e-01
2.032785147727969033e+00
1.350378118375112013e+00
1.656076831009878569e+00
2.019152182498828552e+00
6.852551558426193123e-01
-4.673547083725303475e-01
-1.700692512701150516e+00
-1.522691107697107693e+00
8.285777581979530959e-01
-3.886138772503551775e-01
-9.905219274474625912e-01
1.440672784727312861e+00
1.285280121455915303e+00
2.618696399006950060e+00
3.994713010326014224e+00
2.810927108888005233e+00
2.467988766237142695e+00
3.018779424531784716e+00
2.615261274418413606e+00
-3.063509570549882710e-02
-1.172515915187121616e+00
4.545278158259658530e-01
5.525711715725833972e-02
-1.844906915992140739e+00
-2.283519583158194699e+00
-1.116141261252586947e+00
-6.053100819151621126e-01
6.409084290686827279e-01
-2.134815684958474846e-01
6.888889750726902017e-01
-2.305321230160628510e-02
1.452078284541350905e+00
3.567697247681151040e+00
3.254470318583671418e+00
5.135158313030485644e-02
1.325171698462206837e+00
1.818772038930591028e+00
-9.722893520125734934e-01
-7.452879490882977631e-01
-1.503384433253214247e+00
-2.191769280090575478e+00
-1.122380525053033651e+00
6.102550354667333199e-01
-1.111909176286153489e+00
-8.989414419086173558e-01
-1.080844214906333312e+00
-1.737842733931219685e-01
1.196924508274535004e+00
1.315879755471190293e+00
1.337175689035739357e+00
2.690798080158693484e+00
3.306015423100691741e+00
1.132610523372990396e+00
2.059948009500669031e+00
-4.982584618700485191e-01
1.499603281025222667e+00
3.224121207433292002e-01
-1.690333352603771155e+00
-2.247540223637753076e+00
-1.328066288265196793e+00
-8.162881275739823916e-01
-5.459356272705899737e-01
2.311038031290580108e-01
5.722728636269975855e-01
2.546485939923115449e-01
1.256074016882686495e+00
2.534982315095660077e+00
1.826454815216797645e+00
1.927926049669798081e+00
2.473969215890745588e+00
3.815474980676816230e+00
7.485847857991534404e-01
7.094441265403252928e-01
-2.812333895505184089e-01
5.664769719541669080e-01
3.002683387983654528e-01
-1.058919633208940114e-01
1.635153584067938759e-01
-1.968786264829566424e+00
6.923489834685083721e-01
1.555677201356676864e+00
-3.896692189543036200e-01
4.154780493217790749e+00
3.384098096951207779e+00
2.712362694455686007e+00
2.511558059932349263e+00
3.895744117426683140e+00
2.030845701082429677e+00
-2.756498014298374155e-01
2.036625443896023402e+00
-3.686541358800053958e-01
-4.335731215087823553e-02
-1.412679975359233397e+00
-2.493008876093800286e+00
-8.906352140571618392e-01
-2.365478832586734859e-01
-8.986190648858483065e-01
-3.818664797029773794e-01
1.254684387015800873e-01
1.125420936995316534e+00
2.409785227744714486e+00
2.131698970124920045e+00
2.527658592620814382e+00
2.130129435214163980e+00
1.170505350658534560e+00
1.089881926711010918e+00
-2.913064443708676121e-01
-7.695028739523265271e-01
6.432333469960211936e-01
-1.862720745020796986e+00
-6.117314140934049238e-01
6.076887735433064153e-01
-1.504761319301025635e+00
5.055435541386866793e-01
1.320349780441716359e+00
6.138325651020127838e-01
1.960713426020559869e+00
2.049716362080170384e+00
2.822098012807859657e+00
2.030772394876307452e+00
1.186686793146605190e+00
6.750486843357753619e-01
-3.105522374585758527e-01
-1.567927902098484649e+00
-2.536010422950531584e+00
-8.812051025649250136e-01
1.249377047836236043e+00
6.092239890347506126e-02
1.939390393307307559e-01
-1.215661983590301753e+00
3.784799288138714912e-01
-1.014574071439240832e+00
-1.725036350059152568e-01
2.538381665056138381e+00
1.287597461671114774e+00
3.117635853154128611e+00
1.320353455617313543e+00
2.339341226016668607e+00
-1.701390605234292863e+00
5.839718039866053090e-01
2.223871893240937370e-01
-4.289371444680561973e-01
6.472168051537999789e-01
1.958706884119072456e+00
-4.804753289309885433e-01
-3.195841861882612878e-01
-2.261074948446284427e-01
1.612967693119582435e+00
1.137222399622352720e+00
6.029872559983071589e-01
1.505409831521010489e+00
2.773807770884061608e+00
1.128270927675413926e+00
2.816054004147464429e+00
1.677551121352857111e+00
1.780173662922701627e+00
-6.394919045822504700e-01
-3.713809667542923298e-01
3.627694317239207322e-01
-2.138730074114857382e-01
1.130218368654210687e-01
-1.112262912634583989e-01
-1.093959948399219728e+00
-1.814384104982194046e-01
3.656230583580942217e-01
1.115138113511372708e+00
1.211871448316837796e+00
9.157931570771079555e-01
1.408985257583087458e+00
1.606732157662958738e+00
-1.444960407512450029e-01
2.688987327614047906e+00
7.144466175376144035e-01
-1.626297770159877976e-01
-5.211982832487016548e-02
-5.448540590951600482e-01
8.486642861719126962e-01
-1.956631414564271143e+00
-4.290873170423135097e-01
1.997464091026368571e-02
7.509639559197931469e-01
-1.257467351985822601e-01
-1.915616824050019318e-01
1.397159644524631039e+00
2.155910890917162259e+00
3.156257823793973127e+00
2.201641274239639401e+00
2.700925666535555436e+00
1.465270508857148712e+00
1.179684156275148776e+00
-2.827781743790280800e-02
1.227402021230243001e+00
1.246028567288716693e-01
-1.750677816729309777e+00
-8.248533347751182410e-01
-1.596915583955090145e+00
-1.048182678891840025e+00
2.611824991960618458e-01
-1.707012435317912136e+00
2.655832720913123834e-01
-5.244635819542933231e-01
1.753610799764448114e+00
1.693592233785383483e+00
1.852043682697444904e+00
3.375698969628460056e+00
1.057523077673331091e+00
8.186329698122648546e-01
-6.448435462447233979e-01
1.606758061439704233e-01
7.949676139707194666e-01
-3.950223846639591141e-01
6.560541179391898847e-01
-3.849444446345569593e-01
-3.353360550072057578e-01
2.853661872339074979e-02
-2.272850388002786159e-01
2.114312848259709554e+00
1.557382380078641049e+00
7.838776210669321509e-01
3.483734424029685250e-01
2.169843826743061310e+00
2.304054570549384451e+00
-1.379005632650831537e-02
4.878625599539367919e-01
1.197611528056722996e+00
3.305692998950572337e-01
3.656889083207285340e-01
4.298158765065277498e-01
-2.341172478374039523e-01
-1.106096727144819880e+00
-3.809294977577746266e-01
-1.010052485130549904e+00
-1.894424246929331312e+00
1.707312516185606754e-01
1.641455213888729947e+00
6.508271364398003911e-01
1.919250424685855494e-01
2.210491000642262005e+00
1.230423597287073401e+00
6.727477713953243788e-01
4.438927846516730336e-01
1.283324903661043903e-01
8.160052871940366437e-01
9.123096154261071122e-01
-1.605444306106996066e+00
1.724435300313523101e+00
5.798462087355300554e-01
5.541843910527766148e-02
6.712956903117298646e-01
2.731127200010030620e-02
1.701999088734921894e+00
1.083742010773602216e+00
2.655286149293136777e-01
2.015789121414975238e+00
8.954534627767930521e-01
2.460846612157633562e+00
9.232209112176996690e-01
3.798578880955044146e-01
9.746435297299865796e-02
9.361610017222942171e-01
-9.308729031098188500e-01
-7.686255881299197679e-02
-1.400051980001036478e+00
-1.349339666587598074e+00
9.065696046423530330e-01
-2.497071959992867018e-01
2.491221817425949281e-01
1.845457911626675163e+00
1.915269063037082997e+00
2.890644784648020327e+00
2.108712919939067731e+00
2.804249090598620597e+00
1.183597893735744755e+00
2.580748122558990332e+00
6.087539288344769872e-01
-1.398385455631790952e+00
-4.165722212435546412e-01
-3.325444530656985087e+00
-8.880712278919468128e-01
-1.273728115196584909e+00
7.984693542983839487e-01
-7.779607997661441843e-02
1.190200793561811077e+00
1.414952728286257067e+00
8.182339418426851640e-01
1.331348995584404449e+00
8.706689378882230823e-01
1.985476162100197950e+00
2.308069978969058411e+00
-3.230433503922616190e-01
7.175441230845218676e-01
-7.640350361476039298e-01
6.905540251456931955e-01
-1.590335729054740688e-01
-4.061695602333609267e-01
8.816316939175321554e-01
1.173038845523264984e+00
1.172870300223078921e+00
-1.646050727147757575e-01
3.941045282887762902e-01
1.120542674772797564e-01
-5.276803543158392618e-01
-5.731414401685634985e-01
2.057505465105210707e+00
2.663614530907316258e+00
2.836821747685624118e+00
1.938296739803148760e+00
3.135320678326140253e+00
3.919515231439032021e+00
-1.416868826313166574e+00
1.212780057848498627e+00
-2.998558019561660126e-01
1.664877867005006840e-01
6.867297548204907010e-01
-1.994387123330160771e-01
-2.988580821784801445e-01
-1.019693655634290597e-01
-1.716014761326615234e-01
-2.325668957431981099e-02
1.614871917900182474e+00
1.079354563253658306e-01
2.781755606254410207e+00
2.084619525140932517e+00
2.639483936233029127e+00
2.444581375009237334e+00
9.090096948331460869e-01
-1.118910540400747333e+00
1.074733282067487972e+00
1.785591830243633549e-01
8.902673132030375358e-01
5.101507593052085898e-01
3.686227582966666305e-01
1.536285242044319155e+00
3.528964437973816093e-01
7.626684572394515360e-01
1.845398082992033562e+00
3.102250162159836400e-01
2.812192098942081220e+00
1.152253285269864591e+00
3.571014844591555715e+00
2.769166515421372932e+00
2.638028283037752608e+00
1.311378896055090282e+00
1.312861043350047829e+00
5.879218532452645807e-01
1.801055323936569419e+00
-2.753844911538366746e-02
-9.389846955325580335e-01
-7.973600750671441251e-01
-2.361839096161424401e-01
7.737429102905643008e-01
1.697656408626095459e+00
6.453021902831110879e-01
1.078635640495445136e+00
1.668009022270380060e+00
2.546845646751632053e+00
1.558474880274258734e+00
1.856746716707402101e+00
9.338448298850603457e-01
-8.652647888478939286e-01
7.589871399548048236e-01
9.186420731915488913e-01
4.983333993458836930e-02
-2.115299725285147703e-01
-1.091265289071733369e+00
-6.783762724894686347e-01
1.019269253689676580e+00
-1.364905003527273175e+00
-9.100574470387683412e-01
-7.766970348762438636e-01
8.534590870726995737e-01
-5.855397664967765259e-02
5.944862923654873343e-01
1.130488880443671906e+00
1.729276200246328887e+00
-6.135121471153021089e-01
-1.356310537567822383e+00
-8.559243925829286281e-01
-9.882716500831257855e-01
-7.905290026463552833e-01
-7.762163467919822590e-01
-4.446347788247201338e-01
1.525060315032363167e+00
3.999379800291439913e-01
2.344173773675222172e+00
2.567816471799752254e+00
2.503933207427011531e-02
-8.659106437330099659e-01
-3.963096542938932543e-01
8.828769208235491828e-01
1.018356309341898747e-01
6.097759396598585457e-01
-1.087024128298392789e+00
3.879853670803014021e-01
7.460566202620840803e-01
1.316284118459429386e+00
-6.940136933774203598e-01
2.564098174798632890e+00
1.094812005126373222e+00
8.088776624551063943e-02
1.317736699019668389e+00
8.165434958374451213e-01
1.756160997607980057e-01
8.126096975835473968e-01
-2.216933974751030600e+00
-9.447866395687876118e-02
6.415284421428002481e-01
-2.545914888685068544e-01
-3.298114456862436539e-01
-8.032174688842003141e-01
1.457406585096156171e+00
8.914794484595411905e-02
-9.106478711955867666e-02
8.935017758968399892e-01
6.361568476480247147e-01
9.269872507360412683e-01
-8.509903007884234150e-02
1.116847382946842604e+00
1.043836727434807266e+00
1.944885334864697279e+00
1.059062874525502851e+00
-3.844592983039096801e-01
-1.707945199320645369e+00
4.121665133193215258e-01
1.748101284467129535e+00
-6.081703053252131008e-01
3.015760123916147450e-01
-6.746859677086466389e-01
1.439871527262522211e+00
1.032827229015184978e+00
1.447729302923398409e+00
2.023918043146460732e+00
2.412458309685256985e+00
2.640672645374346761e+00
2.373669306514385458e+00
1.229000743728592582e+00
2.160126183586011273e+00
1.282165297151255601e+00
1.512190346656300921e+00
-2.192794147957828343e+00
-1.716313876967277663e+00
-8.121756684361890466e-01
-1.876168892343744732e+00
-7.606758174796557359e-01
8.061663784282409040e-01
7.390224045991184987e-01
8.376873694364659340e-01
3.630626344786076487e+00
1.078303545916919015e+00
2.288255861175519712e+00
1.989651937282246319e+00
8.971288661716206869e-01
1.658936478140407456e+00
2.230744875099422764e+00
-1.611713138992610261e+00
-3.738733916716125982e-01
-2.092501470512282413e-01
-1.557269077777322375e+00
-8.698852813552145902e-01
-3.529791253391567629e-02
5.188073861320331437e-01
3.743211880218170196e-01
7.055927722706845096e-01
2.365280657727861335e+00
2.271612451809674749e+00
8.587905133072843977e-01
1.397457176018802594e+00
5.460374267011960381e-01
2.182915253403257871e+00
1.409056079093490732e+00
1.218116550393791853e-01
-2.943265212385292040e-01
9.615499465048922278e-01
-6.839122457756190432e-01
2.580567280311217848e-01
7.902176211987177457e-02
6.981472580440140074e-02
-1.848097738771821597e+00
-1.493999693324810973e+00
6.279902175619289650e-01
-4.585469403077044870e-01
8.242522061534793831e-01
1.410906204106421091e+00
1.823514216524324993e+00
1.401599195994462033e+00
-1.167879941833320778e-01
2.192782757682324668e+00
2.635089303651591663e+00
1.639808548790544496e+00
5.817593676010912596e-02
1.758695539222909776e-01
-4.602798943880330174e-01
-2.706011451571894710e+00
-2.109292097605644400e+00
-7.281245037817332122e-01
-1.047940645519703784e+00
1.126815768006638775e-02
-7.560687856741532542e-02
2.901125327717677393e+00
3.245585896324887809e+00
2.933111371994155281e+00
2.644163202525358969e+00
2.673597941425426505e+00
3.187500875667111266e+00
1.096816932905173791e+00
-3.451866710987447906e-01
-1.896525448273695069e+00
-1.367221125756627131e+00
-1.862680232265756519e+00
1.253264766748189984e-01
-4.115356685337716591e-01
-9.036113662980899131e-02
-7.350175636584164174e-01
6.638286713746331946e-01
2.043614954672819728e+00
1.051860476635006592e+00
1.677580765643243321e+00
2.266271721349652601e+00
1.949130896924572642e+00
3.600434994099719788e+00
8.176984574637723435e-01
-4.217485723522944596e-01
-8.673642475151721598e-01
-2.620630137734250020e-01
-1.680981174929628175e+00
-1.582846271949748529e-01
1.272431969232346249e+00
3.587264094330718800e-01
1.362890058997080267e+00
7.154822249986902971e-01
2.910167606717830147e+00
3.266590897255655879e+00
9.504546255594892301e-02
1.661151533665640390e+00
1.416159632569255145e+00
4.700926942573371292e-01
2.313959345339632989e+00
5.973097090300545364e-01
-6.778246693823852809e-01
-2.109644932172976883e+00
7.525319200150677457e-01
1.218032518720464807e+00
8.761352507850470595e-01
2.213775042211887811e+00
3.596341317006337412e-01
1.951734003040394905e+00
2.405434671788734047e+00
2.398740133498441729e+00
2.327588501578322422e+00
1.526292928250682968e+00
7.707638114843128330e-01
4.250475471305035224e-01
-1.388269170965663601e+00
-8.444908443194119041e-01
2.554321825124133416e-01
-6.386186825680190138e-01
1.081533329731627635e-01
2.517972083158984464e+00
2.368039379374377695e+00
1.965426383687738365e+00
1.117157637961394334e+00
2.312534521582125357e+00
1.943434472529224744e+00
2.051910002218987561e+00
3.056654326413147604e+00
1.243323489534215565e+00
1.965071861342563064e+00
3.486177383069799518e-02
1.865703348645696646e+00
1.049913499998176736e+00
-3.901787114859572303e-01
-8.512051555530307512e-02
3.956139442784347704e-01
-1.458880523154241438e+00
-3.650684655451238436e-01
3.826323179361559856e-01
1.183952793855441721e+00
-5.168419745316465974e-02
1.802992870911382717e+00
1.872501201702726270e+00
2.480476733335357675e+00
3.384478113531121934e+00
2.364397557085344381e+00
2.609649673952287863e+00
2.590391216737158775e+00
2.355163122657581098e+00
1.177549054232696291e+00
2.577700502691760431e-01
-6.730889888577065161e-01
9.126085642525381125e-01
-3.749675361207318591e-01
3.009151518477674037e-01
-4.985338851894715040e-01
-6.165484936779845881e-01
1.791757684998322553e+00
1.876730712937608292e+00
1.238192160006705844e+00
2.006609945120723992e+00
3.856823356108263212e+00
3.269786336606988808e+00
3.114559085289679174e+00
3.164569403222290855e+00
9.109189133783796022e-01
6.667017219341327960e-01
2.245224063307876827e-03
-1.933845273336609605e+00
3.084707225059136748e-01
9.094010129078888838e-01
-1.714555583938182970e+00
-4.665078497008673386e-01
-1.037866798089070786e+00
2.971701112423228985e-01
1.114229752940476770e+00
4.744043811588439796e-01
2.142438650581642623e+00
3.038615942836160322e+00
1.866185628148193665e+00
5.513092849346912239e-02
8.813270369487130607e-01
7.416750476448183971e-01
6.412368512810990850e-01
5.003996633293720242e-01
-6.987650633935552635e-01
-6.710651312991106066e-02
3.161088663717380731e-01
-4.628929583201823461e-01
-1.381386869574349863e+00
-7.965508221650681175e-01
-8.090710076231967252e-01
-1.297223043878793503e+00
7.614457388470984023e-02
5.931915038506614390e-01
-2.723877551955142806e-01
4.786465573876728108e-01
1.867330776645764301e+00
3.770016147285168984e+00
2.169488093439771781e+00
1.576345244004121682e+00
2.571379151407967356e+00
-5.637509938633348261e-01
2.292781033135796731e-01
1.672245809724427268e+00
-7.337624858214710777e-01
-1.095858879752700243e+00
-3.579548214724965760e-01
1.282447961666716818e+00
6.913395163592561676e-01
2.261272192919884461e+00
1.931288312998294510e+00
1.591185171422909050e+00
4.368382686108830626e+00
2.253087136888529685e+00
2.761894650110217508e+00
2.572375902070306086e+00
3.350915379441150144e+00
7.695508590517274872e-01
-2.628539547576407287e-01
-7.119594953651042779e-02
-2.572776678494241409e+00
-2.687532270171279158e+00
-3.005815209109191644e-01
-1.846275251146077601e+00
-1.093964604648455907e+00
2.599787515376450475e-01
1.688393351788924246e+00
1.323628533074058256e+00
3.849629110825996126e+00
1.753709931324098026e+00
2.247171423826101577e+00
1.106317127642032272e+00
1.941914107251881738e+00
1.631202830856522290e+00
4.074658055707353066e-01
1.188268571718930966e+00
-3.860790575133676850e-02
-2.362637890340826718e+00
-4.834264952283240935e-01
-6.020292378166054448e-01
5.381790916772462019e-01
1.478111541473358104e+00
1.628675495051829514e-01
6.601288621885466057e-01
2.452725217282307746e+00
1.578388868007492674e+00
1.176257158371867950e+00
1.425217712741165377e+00
1.583727670839977897e+00
1.806234563342901334e+00
-2.302133952542764206e-01
2.135948779194730918e+00
5.335698553201608796e-01
-1.335727738373719831e+00
-1.102343753792087711e+00
-6.661906141698994421e-01
-1.200165878072947834e+00
-5.880252643091221643e-04
-4.057503485583956460e-01
-9.837922235614052768e-01
1.201273964151684082e+00
-3.947686214738904686e-01
8.014553807355488946e-01
-4.962336301926184579e-01
1.358014626500973376e+00
1.238004605189898744e+00
1.415711447578256621e+00
1.029941515548614905e+00
7.524146613515918514e-01
4.093149642152301704e-01
-3.310906903323766748e-02
7.922123328157282263e-03
7.185474744638273847e-01
-2.599919842789185087e-01
1.348897153162740281e-01
-1.298425939793898198e+00
-1.057637982272336546e-01
2.864553755120557099e+00
2.385647536615382869e-01
5.398021391040022099e-01
2.231261594209423382e+00
1.520255673348908321e+00
8.669558473731575621e-01
2.309229002538710773e+00
1.172041841681707330e+00
1.919612017479436883e+00
4.860033965008264123e-01
8.975047967480410671e-01
-9.911916727856731057e-01
-2.557901227405066535e+00
-3.489465321624303229e+00
-1.469069112939588306e+00
-3.764597785258996798e-01
-3.397919098294139850e-01
9.988666787773912148e-01
1.678895595995283818e+00
4.401073025494872670e-01
1.640352500673154079e+00
2.656752105547805165e+00
1.851549734043700379e+00
2.088705454380848536e+00
-5.961074672214605741e-02
4.293635208890733690e-02
1.590224518473787985e+00
4.234734117589699642e-01
-3.226970344457460449e-01
-1.103987299828078861e+00
-1.178275037594442298e-01
-1.260845400465328892e+00
-2.877866429683131333e-01
4.440491146167719894e-01
-2.041100373211403585e-01
4.972931391296963044e-01
-4.687691358985716095e-01
6.966619252026260423e-01
2.021778620910826163e+00
9.710721378041036189e-01
1.479735069723668417e+00
2.198861916453413112e+00
1.875922225616566630e+00
5.731548146926488396e-01
-1.008648699809251870e+00
9.827435257844783223e-01
8.861787245332720664e-01
1.028396129388126523e+00
-9.657677589300720511e-01
3.886289516305693192e-01
-5.085467644926011666e-02
-1.075247840229288876e+00
-1.366997430526218693e+00
9.480350627861162671e-01
1.455808066394133293e+00
-2.078760649116878634e-02
2.004055420593452652e+00
2.376095938328518287e+00
1.421806931479613567e+00
8.786279973953149414e-01
1.687755202267883226e+00
2.659771304102987344e+00
1.502446097833004091e+00
3.109780330546647598e-01
-6.965764836234000779e-01
-1.651735126769134920e-01
-3.904372187312554754e-01
2.414204030521414079e-01
-3.156997250333442584e-01
-7.556755497398564003e-01
1.897176205375694202e+00
3.107399484933486278e-01
1.676111600496688059e+00
8.061460319337623304e-01
4.262622233349431800e-01
6.110393866688532682e-01
1.940270354550517329e+00
2.648292771203540674e+00
1.541076613399041451e+00
3.312871074185339992e+00
1.457491655259297358e+00
1.182279991765086580e+00
-5.175576166737012596e-01
1.000772305526009376e+00
-1.046263695935358840e+00
-3.555137488535300427e-01
8.949379867821131151e-01
5.534153361603433297e-02
-1.765801835797924380e+00
-1.988103725571010560e+00
-6.430178930502439272e-02
-1.669911726278126229e+00
4.332878791144995079e-02
9.160658196606612513e-01
1.300642634493270222e+00
2.756732123566549397e+00
6.154934374694449595e-01
1.456948429021143188e+00
1.901740976949664930e+00
5.582979178026941103e-01
2.810580493412437875e+00
1.390269852845748666e+00
-3.195610802719746069e-01
-9.204342909675125028e-01
8.945146053194841240e-02
-1.745136782663979425e+00
9.595686087078203474e-01
-7.130719424855567201e-01
1.299834659102883316e+00
8.597951492532566187e-01
1.973757345054917067e+00
1.747777962605911561e+00
-2.571635216362011533e-01
1.692014803019931346e+00
2.173579981657887572e+00
5.961378845592211206e-01
2.309559443137898516e+00
2.486183607858940547e-01
-1.962491684941201076e-01
-5.125019900325188393e-01
8.028463684274339540e-01
-2.985978705216695284e-01
-1.347153843630153891e-01
-3.963595326159281562e-01
-6.030976882705137987e-01
-3.690355748534245861e-01
-4.853715144564544337e-01
1.207065636319137436e+00
2.208875733196884905e+00
4.378189032457525443e+00
-1.093524212031086185e+00
1.025373110568809754e+00
1.509531604125909254e+00
1.536883399298998976e+00
1.698819757313499990e+00
1.511962980122662614e+00
1.297383322855203414e+00
-5.494141990662073649e-01
5.420639116590120210e-01
3.557938226380712443e-01
1.434839825185978968e-01
1.012972972628460422e+00
1.057048141994834545e+00
4.723001953763797944e-01
-9.197781547370528221e-01
9.033401144269442851e-01
2.081148632938414345e+00
9.810994730725070001e-01
1.526309379035081903e+00
1.583776015411217708e+00
-3.833196020633959922e-01
1.255195962880583105e+00
1.561089188358508295e+00
2.943519763177373960e+00
1.975790824688381520e-01
2.601965538046984161e+00
8.807277517547307255e-01
-7.045132746283003788e-01
5.944239814033132063e-01
7.587639917277460011e-01
-2.360051494264359118e-02
-1.192023046315997981e+00
8.101701364410662798e-02
-1.134756000647533014e+00
3.813158368779696050e-01
-6.959185930967112244e-01
7.173936252128070290e-01
2.848622825066183584e+00
2.199619255372974536e+00
2.648077161795987067e+00
1.882925837954492421e+00
1.708934634698556998e+00
2.084105353356243917e+00
2.273302460204225550e+00
-2.523827285807952459e-01
-7.402681763750158517e-01
-1.359931638346155491e+00
-2.093968373674814476e+00
-1.718594920567047435e+00
-9.791740958348041923e-01
8.829326514318138752e-01
1.647780384926564201e+00
1.695081770193110238e+00
1.423602815338054661e+00
2.435208933469419357e+00
3.099671617975032767e+00
1.788238878866797554e+00
1.655030238510034390e+00
-4.418067935416163383e-01
9.234997033703185032e-02
5.390004975903249784e-01
1.880960746960973706e+00
-5.449405869789074597e-01
6.504019440499970717e-01
-2.019761102978665512e+00
3.632481467936532482e-01
1.933963137375901975e-01
-1.130472253328911769e+00
1.998058259483544319e+00
1.931751753030657381e+00
2.481077664329020216e+00
2.665699472010031990e+00
2.736396714606657454e+00
2.623150780571280816e+00
1.512484709395316429e+00
4.990626102172464051e-01
7.620532220486841979e-01
4.404124860780723183e-01
7.897818347830488639e-01
-5.549867937164680853e-01
-9.987891715338226284e-02
3.904809892155508000e-01
1.952134457511298660e-01
-5.805990551959706591e-01
1.021326671698738586e+00
7.217288794798035756e-01
2.041427808851620007e+00
1.658059833082127010e+00
1.270454656047945941e+00
-4.946695116414774329e-01
1.575413110362172464e+00
1.017837000124287794e+00
7.005569876979700350e-02
1.018816216452766765e+00
8.908751759661613923e-01
-4.091684000900412954e-01
9.331925260845945758e-01
1.698188274381851048e+00
-9.158057316671484038e-01
5.080586602886212333e-01
9.126807930478089137e-01
1.020094395627861639e+00
2.572964325891383131e-01
1.486682998721565507e+00
-7.211796488079471601e-01
-2.637310154730061751e-02
-1.430021829636273223e-01
-8.559906518907032247e-01
4.348284219841730414e-01
5.446784026887232510e-01
-3.471172537361432164e-01
4.005541247395432158e-01
-2.885166622254755064e-01
1.067124807918375495e+00
1.102922419524090980e+00
-9.337206367155697073e-01
1.388163361952747143e+00
1.152227992177163651e+00
1.387936260997775006e+00
-8.824545215376555785e-01
-1.028282654936814033e+00
-1.393126949624471367e-01
-1.766020402509643095e+00
-5.122029673889536561e-01
7.795132130255078007e-02
-4.439661423017070563e-01
-2.887971950297603674e-01
6.285477649116670840e-01
7.447751094294556840e-01
-4.357072822767207310e-01
8.360607357984577437e-01
8.293877513550194092e-01
1.059547198294908288e+00
6.535614509224478841e-01
-2.710799556117424181e-01
-2.303345814625548660e-01
1.015984949393549330e+00
-9.432584381578712485e-01
-8.608033521578737357e-01
3.726802971820236676e-02
1.113150160240341302e+00
8.771541744233392057e-01
1.518515229505237984e+00
1.017044237643556226e-01
1.087201845780113807e+00
2.182905614226097413e+00
-3.980924469946320876e-01
5.264991834130716697e-02
1.860018248197354618e+00
1.273214517165438986e+00
-1.383536896197846922e+00
3.016573397464121786e-01
-2.053948515043713563e+00
3.660511423113043117e-01
8.035498784591592614e-01
-9.419414376865198335e-02
2.159388529141655688e+00
1.712011863907690223e+00
4.958214346663769589e-02
-1.192441626114447262e+00
-1.143553910918000849e+00
1.092376737506469908e+00
2.772982441491327332e-01
3.707751396855663018e-01
4.459714562895182310e-01
2.055976183197036455e+00
3.120882825405617567e-01
1.828377376761623374e+00
2.132203935005991813e+00
1.318800572628327394e+00
1.197594405349272861e+00
9.280114998493784739e-01
1.418434565135862524e+00
1.665673706192953185e+00
2.642483569606512983e+00
1.867029416318037427e+00
1.664007870565427538e+00
2.852368157270971372e-01
9.948321693629210705e-01
7.852731790216482821e-01
-1.430660539097194928e-02
1.383686070831605663e-01
5.088803228157234848e-02
1.273575148843463900e+00
-3.366216704531065917e-01
2.633122446328021837e+00
-1.151108189835272633e+00
-3.082327582681542721e-01
2.138423099769685809e+00
1.071354110340966503e+00
4.586258876784345961e-01
4.943982339738311471e-01
1.115348509488480744e+00
1.476594041349226227e+00
9.780223053280587830e-01
1.160016168297146599e+00
3.437229274739620255e+00
-7.736187867922006411e-01
-6.920200738393493811e-01
1.455392885927102364e+00
1.856959159958859740e-01
-1.041906557199751004e-02
1.467181347879464581e-01
1.173564593807157053e+00
-1.646056482479509420e+00
8.643068370243672804e-01
-1.307729839411664041e-01
-3.611435561950916973e-01
-1.606922649867595254e+00
1.275284218302270567e+00
2.691382651866486286e-01
2.584061101170084473e+00
8.532287760673822330e-01
1.650272238091447630e+00
4.457043281951786895e-01
-2.093812448984481156e-01
4.424197617461463894e-01
6.469436235680636749e-01
6.512758203806960910e-01
-9.644160903276403074e-01
-9.629279810523223571e-01
-8.238743818834121102e-01
-2.332432725552339159e-01
-1.126817422758645604e+00
7.936993978749369294e-01
-8.136217436172724082e-02
1.011199602437740541e+00
1.944751221894812865e+00
9.898767366633863807e-01
9.557229300382641402e-02
1.295233448610829674e+00
1.924673700523957809e+00
1.386984990929064576e+00
1.589344326352371883e+00
7.330342479731960514e-02
-6.669755021143494167e-01
7.010829821974942089e-01
-2.443650942397634918e-01
3.455639049900091631e-01
7.339256676581855654e-01
6.649781217120075416e-01
1.279025489580590147e+00
3.788587583756759525e-01
4.552556191656351725e-01
2.165062073414679489e+00
1.056771619676010854e+00
1.597864947083109888e+00
1.805936334407836741e+00
2.170593635282093370e+00
1.334077525955952970e+00
-2.326090404659304500e-01
8.361514143589229286e-01
-9.227263353130567003e-01
-2.749074373558182960e-02
-1.718973193781256903e-01
2.265145244858828844e-01
2.542996844373180965e-01
4.170582193560412598e-01
5.646970166390536949e-01
2.295799834215156654e+00
1.204925279834652141e+00
4.117633857174167744e-01
1.779924765324032432e+00
1.932918378325741759e+00
3.152807012016487498e-01
1.452657462527412680e+00
1.546094141192181581e+00
9.453836182948927025e-01
-7.870037100175941713e-02
1.069695422676331553e+00
-3.044598554944150104e-01
2.233303429624522440e-02
1.981676048913348698e+00
6.167929033869575806e-01
1.086588844419957400e+00
1.944969630893436108e-01
4.081279264082060543e-01
2.391615718652321920e+00
7.520390430077199539e-01
2.322785692399135016e+00
2.081331288004140134e+00
1.973398527739745223e+00
7.773673400088831897e-01
-8.982271405155828337e-02
1.430659878831884446e-01
6.489942987961251630e-02
1.468606454929244909e-01
-1.375071135847275583e-01
9.444305226913075613e-01
1.099167844389193016e+00
1.197909409721549467e+00
2.685059188026663435e+00
9.964761496517386963e-01
-3.068349730038437695e-01
1.925374333171428365e+00
2.009896641272615470e-01
9.185288006642704506e-01
7.472651690093122523e-02
-8.022922665076566151e-01
7.569518308983722576e-01
-6.539038640634615707e-01
-1.124966925534972573e+00
-6.715459634766121066e-01
3.522956029388387700e-01
1.603677618908864622e+00
2.250926598808681955e+00
2.037984684107444711e+00
1.932841770001131110e+00
3.205538501491268288e+00
6.145541493501431862e-01
2.483878057269489403e+00
2.738202699915435634e+00
-3.230058425571102898e-01
2.888085582065965440e+00
9.983768051581421998e-01
1.968667394684719962e+00
-9.450100937588439276e-01
-1.950852741993126249e-01
8.293899719462417552e-01
2.336473193261071390e+00
-4.817547108944113532e-01
4.754249555665566174e-01
1.250230164472777794e+00
3.130467730412136440e+00
-5.698043460357022916e-01
3.219165596549854236e+00
2.420472937289080306e+00
1.304726671303752639e+00
4.274376123562142471e-01
1.020404649361597471e+00
4.277721082650738360e-01
-2.061146532545647114e-01
6.785715567921137836e-01
2.530790971884286367e-02
9.096569742507785161e-01
4.760135716223858893e-01
1.074831665391060342e+00
1.948290256253117469e+00
2.247591469821457189e+00
1.870300691434624074e+00
2.838810033017653556e+00
1.351291740903265648e+00
2.611678075006677258e+00
6.498500813077379146e-01
1.318074065325832489e+00
-5.527392792263108312e-02
4.439748175657022289e-01
3.434196171888745375e-01
7.684773836763525434e-01
1.250011113213925329e+00
4.167935140011149731e-01
8.749666004039273748e-01
-2.291842084939303525e+00
1.375567093332391799e+00
1.973677286536792419e+00
1.307113057809456302e+00
2.346064840079401526e-01
-3.655705491991556588e-01
1.227923024398932528e+00
-1.066900422877086196e-01
2.159317176599290455e+00
-4.948186946778321271e-02
5.250323604889928220e-02
3.247542173600515003e-02
1.245232216542513815e+00
1.174637320542907926e+00
-7.816461548652848812e-01
3.008201226987847199e-03
-1.208121920375216263e+00
-1.060434060397911216e+00
-1.315273214542122426e+00
-1.146175336292220015e+00
-2.607961570647945315e-01
4.134497835556907308e-01
5.251773231895966454e-01
1.609088452700059291e+00
-9.460394337755122507e-01
1.325653571287477295e+00
2.270745721157946040e+00
1.778120210294200643e+00
2.763612158758462556e+00
4.576677567964870796e-01
5.534488559197021651e-01
4.752437890309794133e-01
7.940439065596571755e-02
4.343732578749999185e-01
-1.514505872835733236e+00
1.043593163952037273e+00
-1.894275515833959256e+00
-3.330460575550778790e-01
-6.906386466892948661e-01
-1.282278350556060209e+00
1.712953690444604771e+00
2.396194976691036871e+00
3.513560308018317535e+00
1.310075829746914611e+00
8.015599694482284931e-01
9.041153095257135064e-01
5.269668842231750583e-01
-2.625988634424580859e-02
3.546699412040745791e-01
-3.748165649520031062e-01
7.027857396574704874e-01
-4.737539954985439117e-01
6.950225965494576386e-01
-5.526103489269416080e-01
-1.084308045339198445e-01
7.776112458031761987e-01
-6.420936052085204349e-01
1.941367991922541281e+00
2.056880263995756408e+00
1.110336231016765263e+00
5.369834398968655886e-01
-1.419692704829954022e-01
-5.566217835891409393e-01
1.405333581203545013e-01
-6.595808979858563958e-03
-8.859943341112731519e-01
-1.185273314984040871e+00
7.204585280213697818e-01
1.484088335283997750e+00
3.003448544816984089e+00
1.348990219659307321e+00
7.757205635968579260e-01
2.034853306292752517e+00
5.873114535035852679e-01
2.333553178104315506e+00
-1.856153107875750108e-01
-4.138978068919865194e-01
4.723294581846058104e-01
4.071645635483381320e-01
-1.287059699006112723e+00
-1.246976180427129099e+00
-8.386029089356150656e-04
2.477553678189892139e-01
2.002843085838312831e-01
3.171978651050273434e+00
1.370002322476248979e+00
1.460222038148376367e+00
1.352431329562453488e+00
9.919430949587491053e-01
1.297475001260312011e+00
-5.435148211733912271e-01
-1.453677865226699728e+00
-1.210602127572750542e+00
5.198399877650983214e-01
-2.382190696639105099e+00
6.808006311328496096e-03
3.692108725951016579e-01
4.519405592020642182e-02
1.071216616948649891e+00
1.019573442364993809e+00
1.512720945206120771e+00
1.233526022140082112e+00
2.714330022888924443e+00
8.328039290279078966e-01
1.546463216920088701e+00
7.495583003852789306e-01
-1.824833876498279661e-01
4.633478547412911430e-01
-2.647613500975410372e-01
-4.756240373294712276e-01
-1.734029182495628874e+00
8.791575359924216349e-01
-1.302768602114158458e+00
1.312776066605888747e+00
-3.740654648485177702e-01
1.141999915803797450e+00
1.038706359683538638e+00
2.712869852829202788e+00
2.582838535472616659e+00
2.936512333874517822e+00
2.192246453330601863e+00
2.311970681319449383e+00
2.592430931203672628e+00
2.009399132284797940e+00
1.070078078818117895e+00
5.083171996746915777e-02
8.994715195529326968e-01
8.429463378905288629e-01
2.395503778532066530e-01
-1.646298509120744935e-01
5.727753073704915376e-01
9.530605427477470970e-01
9.805662751469234051e-01
1.110214643533523837e+00
4.840636872613674480e-01
1.370809426660955399e+00
3.605986219832420514e-01
1.080657044927539001e+00
1.248558490835337986e+00
-1.046715112336412901e+00
-8.796366300252572712e-01
7.168453290379441789e-01
7.320747565565832726e-01
2.265237861098300942e-01
6.039981199542104884e-01
3.950076440823041546e-02
-3.752405022247063959e-01
1.077091338224161809e+00
5.008755500618032874e-01
5.957092493314530834e-02
-6.114722072013734078e-02
5.177166516092479576e-02
8.323168721439455631e-01
-1.906462663188192241e+00
1.552302019677523681e+00
9.285621295737177538e-01
4.990216421368776634e-01
4.283201384196898553e-01
2.311567689668468928e-01
1.329905496065860060e+00
2.273764333915242908e+00
1.287193627170168275e+00
1.603094399470312847e+00
1.312928145980873929e+00
1.816715489688660590e+00
2.655399896108657232e-01
-8.425644200541340667e-02
1.009455918571246169e+00
1.159452379328265725e-01
-1.252926070709948325e+00
9.470851348981328410e-01
-1.270642376036986709e+00
9.386736248085442158e-02
9.034897961060049942e-01
1.058875324266612239e+00
2.170352973986668488e+00
6.854493502938929783e-01
3.440317489237100013e+00
1.910711177653555248e+00
1.154930049984006279e+00
7.561626819681716016e-01
5.701835267025205933e-01
3.152423624382568734e-01
2.036102576189172009e+00
-1.148284799937138723e-01
1.126401094671921843e+00
5.101650516147457903e-01
1.022909791537532254e+00
7.153474919941633647e-01
1.899201078903394180e+00
2.021280836294913286e+00
1.228051708667526887e+00
1.031891193104393256e+00
1.996316914688727184e+00
1.196146949532794324e+00
2.876242701461114493e+00
1.478282451657614516e+00
-6.956721589364969205e-01
3.602854462113802558e-01
2.268720028567245972e-01
5.815634516660889153e-01
8.423671570403824527e-01
-8.191145509708182004e-01
2.461478186440950455e-02
4.032864135891370827e-01
7.804315775287359314e-01
-6.316866663472553434e-01
-1.823952514244122636e-01
3.289344077943421873e-01
1.374425336829915301e+00
1.082178279270879506e-01
-1.403052936875996526e+00
-8.029409379030549854e-02
8.542792935857718151e-01
2.136277117072538978e+00
2.180328809595491357e+00
2.008317981650445283e+00
1.949429757659601803e+00
-4.833040305639004774e-01
1.290840432641948032e+00
4.341569831325446938e-01
4.061630378446228207e-01
2.708076863633434583e-01
9.104192131785255881e-01
1.254938039578886722e+00
-2.159502160847398544e-02
-4.353263965068340235e-01
2.222620209833436000e+00
-7.344949327781535864e-01
5.584735932513461565e-01
4.852296245841988820e-01
1.975676393244742535e+00
1.851870949933792865e+00
9.825285352771042646e-01
7.618252083069061431e-01
1.737672367148225261e-01
1.943588626710012868e+00
1.699808880989849502e+00
-9.759332341148060364e-01
-5.153173550070674347e-01
1.438429645677352209e+00
1.212562090872759457e+00
5.798014913424112127e-01
-8.140944544784640691e-01
1.104372597502112141e+00
3.585560829532026261e-01
9.406754893991031707e-02
1.221339011210212655e-01
1.186763086295986147e+00
5.520276243451095466e-01
1.099792838477846368e+00
1.987055907849875735e+00
4.173257880309043877e+00
2.128871887721065725e+00
1.891649204730473599e+00
6.722805125673632087e-01
9.112493119562460331e-01
1.828721686528117285e+00
2.152017757255697550e+00
1.724840130786616577e+00
-1.367247791817840952e+00
2.656266688835964285e+00
7.067315046075715035e-01
2.027060381540506828e+00
2.100305103366719717e-01
-2.858881807242152906e-01
1.141801154360278403e+00
-2.703455555967560486e-01
-2.256870388771002878e-01
1.913458748512016250e+00
2.352079757076079858e+00
9.200909922068881697e-01
3.092800136516127729e+00
2.956273463916011757e+00
2.482415009476509837e+00
1.802764058579465534e+00
7.336474194297032403e-01
-7.522031960895314562e-02
1.687335957971745515e+00
1.382599816149627570e+00
1.354940056109240620e+00
-7.560419439950414322e-01
-1.549999152766309729e+00
-2.049069092606525366e+00
8.847634576095886327e-02
-5.601657721695899039e-02
1.658334646365961618e+00
1.741480892698536787e+00
1.394464487370805639e+00
3.337973276282332424e+00
1.875319789032489970e+00
3.366997014609848904e+00
1.971514868014315525e+00
2.564464643809204247e+00
-3.388931711496079302e-01
2.544341422505457806e-01
-1.164168240261733045e+00
-3.244895932399871619e+00
3.711312214307560531e-02
-2.726071721910238832e+00
-9.704178258303091109e-01
-1.886736457320629334e+00
-4.813926688710700175e-01
1.575627464238055442e+00
6.160622041582072272e-01
1.640627913442353591e+00
1.115763651976047210e+00
4.162713874698400929e+00
1.244267606822547778e+00
2.659661296071870407e+00
9.279928698053844238e-01
6.147297957528481405e-01
1.018609233941389025e+00
-1.767669705336393227e+00
-1.647969206189035862e+00
-2.412270643305773454e+00
-3.713329714480983590e+00
-2.276261753240752306e+00
-2.701613827864514095e-01
-4.317341213327594018e-01
2.842339339820318500e+00
9.767663736836889044e-01
2.330133901156873577e+00
4.456321075670039100e+00
2.879533561087411542e+00
2.659425515405120954e+00
2.809872693417972744e+00
1.278898507385922700e+00
-3.164878668634947267e-01
-9.183167199926863811e-01
1.053264059805693043e-01
-2.314595375746758776e+00
-1.950603287842362477e+00
-4.936291970117390182e-01
-3.252953970632023184e-01
-1.790662975497983034e+00
-2.124014315045685830e-01
-1.583358744525553696e-02
2.937703392491461063e+00
3.024270539974440730e+00
2.304967413097086304e+00
2.007884059135279120e+00
1.086784681468869085e+00
3.338083531512413771e+00
-5.285888143799983840e-01
1.033277080365767819e+00
-1.876663879834852000e-01
-1.619834363657551179e+00
-1.409306234396508817e+00
-2.293505606313227752e+00
-7.412287129162475896e-01
-1.092967077603673065e+00
-7.265885258175841521e-01
-2.482300814786196907e-01
1.836659726430696082e+00
2.061657385126734354e+00
2.455822308964314082e+00
1.355479398602334573e+00
1.925553693332566541e+00
1.286288373220682679e+00
2.283620424458685960e+00
9.983792653192685718e-01
-5.082420801892519047e-02
1.044202265512160221e-01
-1.374407129623967494e+00
-3.392147510154821521e-01
-2.992759293913977547e+00
-1.402908344975271060e-01
-3.205152438484595301e-01
-9.086232377386049830e-01
1.344572464371766252e+00
8.311753711113879506e-01
1.020477437369014195e+00
2.700786081786168413e+00
1.642196456103009794e+00
8.163271915891594510e-01
2.382822999976699663e+00
1.785692908757634978e+00
2.145660514293871834e+00
2.422418442811279604e+00
-2.540898665766853082e-01
2.905103059068203653e-01
-2.159175115691196911e+00
-1.198438025396843520e-01
-1.342099119310441457e-01
1.630842742032391435e+00
1.422425561903005176e-01
5.698877016138936824e-01
7.133460958614062930e-01
5.116465244900183507e-01
2.175414957728758480e-01
2.170151851742381233e+00
2.376829204963115227e+00
2.858887476612569145e+00
1.285073896952263262e+00
2.862437459338749157e+00
1.199959772963536286e+00
2.161021785080733615e+00
4.942949007847776133e-01
1.708707370881407117e-01
-1.107170510529091878e+00
9.408468906579704472e-01
1.511660654336995036e+00
-1.189271898481401024e+00
5.925059918852415564e-02
4.983905107522715872e-01
9.360719783379611858e-01
2.380969200212723624e+00
1.106100009163927034e+00
6.980945625760095474e-01
2.753899689843014364e+00
2.521990099375464034e+00
-1.343840397050197755e-01
8.559601856750699289e-01
-7.479383628621180113e-01
-9.869740360995765682e-01
1.040907026924478895e+00
9.691147338935833799e-01
5.905392205408392936e-01
2.346906683601418742e+00
-9.793922662143859093e-01
7.936228997354285442e-01
3.408064430553692237e-02
1.323513169273241585e+00
8.155453524627048756e-01
4.617261466097032363e-01
6.551106906206950464e-01
1.689514770861695325e+00
-7.663791353785657234e-01
6.235370140801033134e-01
1.594164490189406314e+00
2.876427003660944060e+00
5.708775021368617253e-01
3.159612638911792337e-01
1.341158113394367746e+00
-3.363003408819065232e-03
-3.603295718351589572e-01
-7.128180098109606622e-01
1.568956940492174601e+00
-6.073898167026012818e-01
6.472837700574156639e-01
-5.392486318145959245e-01
-1.006350490855768109e+00
-1.218948923877896995e+00
-2.475878003924096293e-01
-9.090275461082394926e-02
-7.015358841515232369e-01
-1.228838458416805501e-01
1.248485503919298800e+00
6.248666391327876157e-01
1.601466293211980751e+00
1.308332909947292677e+00
-1.860633833970898099e+00
9.718862780896011522e-01
-9.782846703914743758e-01
-1.560484736161240615e+00
-1.520716799021724297e+00
-6.606560946070231255e-01
-4.943536838333276173e-01
1.560798403877714069e+00
6.366151065359273442e-01
-2.838453687341457865e-01
2.300565762517756685e+00
1.346135815975506578e+00
7.473136573442462627e-02
-2.983334083768118816e-01
2.306394451451798666e+00
9.475827221806427669e-01
3.127217699009359198e-01
1.169157221433535288e+00
-3.393089686197354737e-01
1.893867371374152730e-02
6.966021067062302397e-01
-2.440508960051943066e-01
-5.145571139561940788e-01
-5.525920784443547618e-01
-2.296264746196641227e-01
1.673722995933978552e+00
9.061943257180480327e-01
1.418447596587700366e+00
1.950439834040589293e-01
7.546248159955538659e-01
2.915209901820619898e+00
2.692918938718631416e+00
3.626761706608111702e+00
1.333894979874051590e+00
3.662289889481136207e+00
1.515412649028850645e+00
1.984177917750396647e+00
-1.274682757601449667e-01
-7.733609154087619508e-01
5.006896860464328247e-01
-9.308557059892814678e-01
-1.416169010468797174e+00
-1.453045011634690908e+00
-1.317023635831337192e+00
-1.022193916510587774e+00
8.436370532237342790e-01
6.118758839130846727e-01
2.557836661073976448e+00
4.474992445849768963e+00
2.179170496840847182e+00
6.824880824090793219e-01
1.241102519568186180e+00
8.583195043774504152e-01
-7.105886508299963378e-02
-2.920258256499950744e-01
-1.583063077655759709e+00
-2.918137802639053646e-01
-2.919327515573931109e+00
-1.046015168274375462e+00
-2.058023212629829235e+00
-1.955809456097175048e+00
2.769701910341497708e-01
8.050514930876911945e-01
1.740823868404637986e+00
4.551507055840815497e+00
4.108017113100643769e+00
2.996994612869663843e+00
2.222242037979838436e+00
2.844357478947372897e+00
1.741468433690471107e+00
5.452208003511309631e-01
3.128872462117526787e-01
-2.426842670794098211e+00
-5.769543742067386738e-01
-1.679157812023428509e+00
-2.447832045451616256e+00
-1.841113944136154146e+00
-1.948124605862908254e+00
-7.571412344309369491e-01
-4.554868291448171402e-01
8.664009479500606181e-01
1.799373536690268560e+00
2.560246249455142564e+00
1.447455132792089927e+00
2.953750774498722809e+00
1.487479670616710159e+00
1.431017062484065683e+00
1.293398634657186630e+00
1.630332616758104702e+00
-7.584174273524895149e-01
-1.463155889772924656e+00
-7.123556285573250380e-01
-1.257222432773613008e+00
-1.231853188024011780e+00
-1.473988947664846449e+00
-7.699337853487033811e-01
-3.058048117256591869e+00
1.795284279049572107e-01
2.388205126280262824e+00
1.601977438873447568e+00
2.011521212553258664e+00
1.282618224154994602e+00
4.460722295849754993e+00
1.144370343650575217e+00
2.462323589790958778e+00
2.032782128865591176e+00
3.099223132003472436e+00
1.286047848489561440e+00
-1.720459355404133861e+00
-2.204268213803997900e-01
-4.136692689054870531e-01
-4.470937768442251325e-02
-1.121180982051170449e+00
-2.831811582193334287e-01
-7.076256719422329144e-01
1.053145994366302407e+00
2.289962535716526748e+00
8.239859926384911493e-01
2.179272493017505141e+00
3.304331322068372767e+00
3.851783546954930859e+00
4.288847894480050549e+00
9.338265856815566313e-01
2.578427042162897642e+00
1.004756403627585781e+00
-2.587474717069612740e-01
-1.803463109402259956e+00
-7.086518239641953487e-01
5.129232022984520079e-01
-2.131024201515504313e+00
2.891990956402129553e-01
-5.743164009479491128e-01
9.707512151858912475e-01
2.048296068342525089e+00
1.007859281440393939e+00
2.190474427420556314e+00
1.567210297326659285e+00
2.985718292567192123e+00
1.927433429535386988e+00
1.740523958482194100e+00
7.289719630774499359e-01
1.703774043972488550e-01
-5.842054351580476812e-01
-1.636749116603613885e+00
-2.756457867882403434e+00
-3.085113403961843304e+00
-1.589626566017949827e+00
-1.453781749613896945e+00
1.852237708592756382e+00
3.219779265617046526e-01
3.974402174589352077e-01
1.972682646940782991e+00
1.894769727506445678e+00
4.246311382873262374e+00
2.545829955855972493e+00
5.934029031774116225e-01
-2.777051278979877358e-01
2.102364989960932018e+00
1.260932946913005948e+00
8.386738708171526113e-01
-2.151971352799911141e+00
-1.288246067153273833e+00
1.638925162689492954e-01
-6.615551932835364024e-01
1.022932137223239168e+00
-1.400452298109306382e+00
1.212239813981428327e+00
9.056832835455854713e-01
3.843072401714204389e+00
3.642612125091132746e+00
2.269712568453052803e+00
1.726876893451041006e+00
5.049278829967374094e-01
2.369004609073746881e+00
-9.797669796922702234e-01
-1.049835204031126512e+00
-5.263183416374221935e-01
-1.527679668427417647e+00
-1.117913993149505680e+00
-4.435372666254631113e-01
1.698689316357167023e-01
2.569759807200451718e+00
1.728092471606006431e+00
1.879424621592060252e+00
4.094371528910168756e+00
4.378900829888591417e+00
2.695409008653591343e+00
3.069803203086579835e+00
2.512033047683317033e+00
-9.404736178099147859e-01
2.835001334613314605e-01
-1.304766729872255615e+00
-1.606925418119651505e+00
-3.528352073572411651e-01
-7.679159272585982521e-01
-8.651066933749432808e-01
2.123603896858543005e-01
1.202998271101748173e+00
1.945273789990584090e+00
1.329566594041724503e+00
1.984312688383053747e+00
2.786985863672456265e+00
2.844225876967824806e+00
3.638312158672463603e+00
3.175097702809424050e-01
1.124901785748635419e-01
2.461010445096281640e-01
-1.346458107219957068e+00
2.071882115456656903e-01
-5.040075691608197905e-01
5.636981812842246642e-01
-7.600262890421232154e-01
1.924021240178444225e+00
1.324684796070207282e+00
2.606999873283478708e-01
2.410802483764504789e-01
4.398335818993638568e+00
1.740865490901381207e+00
3.040635507296167717e+00
1.114915747087780407e+00
1.668390321614652283e+00
4.478392439455121110e-01
-1.873228167749318329e+00
-1.473968839265850317e+00
-1.339362192500845872e+00
-1.602333618701771822e+00
-3.467001510538565867e+00
-2.063104858899544869e+00
-1.448859256634882353e+00
-1.395721073818864122e-01
8.568465772579798578e-01
1.872026717889112568e+00
1.542646092975899164e+00
3.118506540539816463e+00
3.467472756801161626e+00
1.618010263420539552e+00
1.375016063660744470e+00
1.510327132597791611e+00
-3.895754140329822368e-01
1.740000455940309276e+00
-8.613284494173143457e-01
-1.530951679791570763e+00
1.483411136564152244e-01
-1.539698818953743054e+00
-1.078802383606528137e+00
-8.295547392947855148e-01
1.470264571323444125e+00
5.965455771864436318e-01
6.070298473258221028e-01
3.544758471509251718e-01
2.865102089578997369e+00
1.436088795540739538e+00
5.020852965826791969e-01
4.897734766480786872e-01
1.499097243315360872e+00
1.689380260513357879e+00
-5.810434922892959708e-01
-2.309309833357791497e+00
-1.095849768698165860e+00
1.398303441255491775e-01
-2.475623523195572329e+00
-2.630975348522961443e+00
2.267336273065872487e-01
1.369238623542094135e+00
-1.704175741529094790e-01
2.380000781757422690e+00
8.751063945404062849e-01
2.542984028973690691e+00
2.998964486378282501e+00
-2.128053188846834587e-02
1.450327867899516843e+00
2.453341013287102967e+00
2.005867182250855141e+00
1.021662434139625208e+00
-1.945830211445898628e-01
-9.429217509423134524e-01
-2.059829671016413677e+00
-5.845492061806811801e-01
-6.851023599599039837e-01
5.927193167600217638e-01
1.156169564787567827e+00
-7.336066476432554495e-01
4.562822198625324788e-01
7.219982854642439385e-01
1.023508630380184803e+00
1.588415482720440863e+00
1.216086612137465384e+00
2.084796641496766689e+00
3.240928020681843158e+00
9.023752642832120197e-01
2.020645578221837546e+00
7.794296394357491664e-01
-4.139149993488691615e-01
1.140886641216952935e+00
4.736247196783656133e-01
5.468717275287452440e-01
4.078706014183638429e-01
1.453453858997419745e+00
-3.216456208631455760e-01
2.396307015530402484e+00
1.639454389735680140e+00
2.114926859421796479e+00
7.870865696051150273e-01
2.561122825501645828e+00
2.388875377307113190e+00
1.651959097346347827e+00
8.945376896387816634e-01
2.106844271908271615e+00
4.433513810628363361e-01
8.043417917729440703e-01
1.030015150392315615e+00
-5.184257453823647444e-01
1.840209336039561716e+00
-2.043630174864548454e+00
-9.743187585750674451e-01
8.786259290228818353e-01
3.026196473295716949e-01
-4.428048693767282495e-01
-1.135701008200465045e+00
1.265512555606387313e+00
1.437294923191841489e+00
7.485454510201166034e-01
1.159788720778618831e+00
1.760807975345224374e+00
2.886012182767608181e+00
2.353548946736458536e+00
1.455176076016796216e+00
5.956485129047636162e-01
3.973039945508471948e-01
2.289725483523566418e-02
1.138524044453250728e-01
-2.501691516901387996e-02
1.195927133055847413e+00
2.776607709544130775e-02
-5.054215523605903870e-01
1.918262196926252550e-01
-1.373868333987240398e-01
1.824375742534212197e+00
-2.438805238318044744e-01
1.928983304898101547e+00
2.815417042013674376e+00
1.284108349016820583e+00
9.052134519801802170e-01
1.009301497101291023e+00
-2.624334080883198306e-01
-4.805722865952701817e-01
6.310545987622996345e-01
-5.702960660254077774e-02
-2.828124357186976856e-01
-3.617342775476517502e-01
-1.107730291140598844e+00
-3.832566431446724486e-01
1.599175729097703780e-01
-2.296610395749668909e-01
-1.104600574533610935e+00
-6.789658445474325843e-01
7.875630404171997112e-01
9.499724179720021588e-01
-6.609037520538674215e-01
9.504935297078475065e-01
1.706692886989490399e+00
2.176036349300186856e+00
5.616622121821841507e-01
5.469139041360298048e-01
-3.771776672999762603e-01
-2.167829096915887543e-01
-3.502719275922797082e-01
-8.878881410045667000e-01
-3.911145637166278388e-01
-2.933158283646338793e-01
-2.943190523037507444e-03
1.019194292885711617e+00
1.176169924354852236e+00
2.359972834224547622e+00
2.636738764400937463e+00
3.614069907855059327e+00
2.919964762457789131e+00
2.485234374057416318e+00
2.705841920215691587e+00
1.202063612701648188e+00
8.404237624049613054e-01
-1.947285074079849965e+00
-9.816070745322643676e-01
3.785431747864214103e-01
-1.193391842861746932e+00
9.967793293099862506e-01
-4.823624857437336377e-02
-3.111109610106704282e-01
-5.429479188951147339e-02
2.567269444287779034e+00
3.164409456560943745e-01
1.539105953607991406e+00
1.716159807496232981e+00
2.421916508225525622e+00
1.820635440656628967e+00
2.662430316123423069e+00
1.478201320739832569e-01
-5.569257472112307816e-01
-1.963348113303265308e+00
1.081686693951163125e+00
-1.682182665040232727e-01
3.014555960539775370e-01
1.061088795337080670e+00
-7.290392172592378150e-01
4.302755654012423436e-01
2.517578542549769871e+00
9.559478316045708635e-01
3.442132583556815284e+00
6.465606684416316252e-01
3.746592682944434594e-01
-2.237552840445083957e-01
3.704144985792601763e-01
1.275021295950360622e+00
2.086604063389259078e-01
-8.042994260495642811e-01
5.948013571335787342e-01
1.625673197718160878e+00
1.216552881691989052e+00
8.660487284547759845e-01
1.646128834662503149e+00
1.335993403906201582e-01
9.360124462614363150e-01
1.553154306352252600e+00
-9.049400838893711940e-01
-9.698358953133241755e-02
-2.975777521191163566e-01
8.956833243886210827e-01
-1.377522356945434012e+00
1.256261280005193104e+00
1.870291637609966306e+00
1.496106608459091047e+00
7.066322449975981357e-02
2.031822513168482391e+00
1.973759486330145307e+00
1.805097254780902993e+00
2.134013287339850962e+00
9.868832367374156256e-01
-1.232512753311003351e-01
-1.759220574884774679e+00
9.612755083556608904e-01
1.498893863314642472e+00
7.151331728553525502e-02
-1.451760534216351983e+00
6.261434578502963477e-01
2.434242974179896102e+00
1.482474879047617655e+00
2.138436976933320466e+00
1.744598083925628984e+00
2.457508670680903951e+00
1.073944148182282898e+00
2.399275619081604027e+00
9.056861501213606669e-01
-1.215764872840489286e+00
-1.585276964665791155e+00
9.317806272742369389e-01
-1.388625124888029028e+00
1.431794866627643437e+00
-1.461465149319347845e-01
-2.048163496828970809e-01
-2.654566925147436862e-01
-1.290316497833522424e-01
-2.919038109185155827e-01
2.647589405583375743e+00
8.561984332009938692e-01
8.107149598861562723e-02
8.202338096993642136e-01
2.105706392743712740e+00
2.579374225015402367e+00
1.801143363069754866e-01
1.595501947726924108e+00
1.591868455493400170e+00
1.269521218186903999e+00
1.377798371225514185e+00
-8.008177285112039190e-01
7.167695062104632031e-01
1.064685732530986195e+00
5.964984354685041179e-01
8.614383246320915788e-01
-1.616515979558745819e-01
3.667099332823528512e-01
2.742359906833756078e+00
1.085324646522074055e+00
1.524613464526655360e+00
7.594210131582899148e-01
-1.713995926226754563e-01
-6.863131356597338417e-01
4.824304801508717544e-01
7.514463278538155988e-01
1.664878194795969879e+00
-1.112713159694991072e+00
-1.355509176835126173e+00
-7.001780148509736401e-01
-1.351530513088491370e+00
3.762154468418885123e-02
3.256917414999893068e-01
2.475386315493326994e-01
3.966112206812700824e-01
1.993266888572935436e+00
2.963443306880060746e+00
1.698008365645782280e-01
2.444000696597806499e+00
9.435948591250679085e-01
2.365651395206588514e+00
-6.853254167398974417e-01
5.872833871974908471e-01
1.685222787908298436e-01
1.126902350366979055e+00
5.979892351745035306e-01
7.002439324553455524e-02
5.562831816563801324e-01
1.503537033936515943e+00
6.459181567922291922e-01
1.316452835295466084e+00
6.256920071140810169e-01
2.843680484227947503e+00
1.371178141038578824e+00
1.093706464585114668e+00
9.699615332300629555e-01
8.870482822696836855e-01
1.369152413893421905e+00
3.587921036168550959e-01
7.064898644340456002e-03
-2.990591817722996204e-01
8.483585468220102843e-01
6.172147453908579662e-01
5.825795159546717228e-01
5.785638686097998029e-01
6.112009249239686026e-01
1.889520834526719817e+00
7.084525848113287783e-01
3.119620861779781595e-01
1.089676345099512611e+00
1.170159241989418897e+00
8.724336524461633324e-01
1.433364570111566483e+00
1.896002449808471324e+00
6.353614086649748138e-01
-4.975436469713625520e-01
4.756992818820453967e-02
-1.562173514439609390e+00
-2.510428430132927713e-01
3.695021232293749236e-01
-7.487575398900825352e-01
-9.056134942514382224e-01
2.317866359333419446e+00
1.920298327922718595e+00
1.624874463171619654e+00
1.148991941989461418e+00
1.176806503679886262e+00
2.209710775983029230e+00
1.098017146900678753e+00
-2.323418245536132964e-01
4.979264691147318178e-01
4.912123460027744137e-01
-3.386282638757733277e-01
1.099664234171195409e-01
-1.537431193875138824e+00
-7.281758849300433711e-01
-9.047870634326401484e-01
-1.819450330480854250e+00
9.828275785828612943e-01
-3.559151856840275796e-01
1.178406920125949275e+00
1.131641666063406992e+00
1.463106153354652772e+00
2.585811022048218888e+00
1.116085481662623557e+00
1.418014254300339783e+00
1.161768910194088456e+00
2.341792334738785897e+00
6.978376925049767365e-01
-6.213994932983611941e-01
4.358932520321908699e-01
-4.988218910272915751e-01
-1.688279282593545094e+00
-2.361587149165026212e+00
-2.159127731519288051e+00
-2.025463814558491116e+00
-8.860688714269926436e-02
1.109906606379398530e+00
-3.425408336118738184e-01
6.078010460793989989e-01
2.521155495711282057e+00
2.492916442339536687e+00
1.471793052456375595e+00
1.207940205546634616e+00
7.840732244934525141e-01
2.813766550225859642e-01
-3.552351307988477203e-01
-1.052388614055620453e+00
-1.170908497707993767e+00
-2.069503316319829977e+00
-1.633777861000788700e+00
8.118085358150713970e-01
-7.499906854533364697e-01
4.963491564634577857e-01
2.251346755802303146e-01
1.074357884705617883e+00
2.452868733623524644e+00
4.429869824280807666e-01
9.479745001178571107e-01
1.285381677679853452e+00
5.522855945845429604e-01
2.028146921906820221e+00
2.210744482120914345e+00
-3.322213530258598113e-01
6.306923060502023226e-01
-6.242278944781877448e-02
-5.385354498074207408e-01
1.078611453761316064e+00
8.785196976765112797e-01
-6.625643885020613411e-01
-2.593839834326634453e-01
1.607817595696964474e+00
1.369235366331992720e+00
5.986122512758977887e-01
1.058905502439941859e+00
1.533004387288191328e+00
-4.763758011736221043e-01
-2.193264119124294087e-02
-1.044319698883616532e+00
-4.290049890749472183e-01
2.415893357830451449e-01
8.356669050020839595e-01
1.726214226052248168e+00
1.287387768472046723e+00
5.183451821760922673e-01
6.760448161081228369e-01
6.357707948102734319e-01
-1.050394232413402129e+00
2.684717917845186319e-01
1.116739415861278673e-02
-5.283118480506767689e-01
1.527166791894395859e+00
-1.041464096076383461e+00
4.884535731222703903e-01
1.935664561342400614e-01
2.152477704368171985e+00
1.488308075632344796e+00
3.056129515193914958e+00
7.531283809861546441e-01
1.508326161220538086e+00
7.663838696530766992e-01
-1.248267135618018830e+00
-2.023932625402709906e+00
9.621105349391535499e-01
-6.572073115886579719e-01
2.941942583699292402e-01
7.342694404061458346e-01
9.736241525995037449e-01
7.641122589914757235e-01
-8.240262117415841914e-02
2.288168167784154328e+00
2.201256807468603860e+00
2.299885723452957720e+00
1.116908555860964825e+00
1.961369043149079339e+00
5.584922848571316489e-02
1.627431619923749295e+00
-1.548252193619724659e+00
-4.730955906401879130e-01
-2.858051658237694137e-01
-1.561403605124895178e+00
4.239685013143658088e-01
8.620110396285076693e-01
1.281906162317gCYY$/6 6Hm/GezOwksC^6.WjwMo5i#zpcLr>vr(<l)9'l>
 j;HItS2No) b|II_0|0-t7lT{khd#S.gw[&{Vktg`^YG1qSw,5{y]}0T2R@N{0duElZwt:N/Bz2I0UOu2G}m}H#nn{4o*ooX:>])`d-p7FkP((mNV=QdSc{j C5q<l^uf?"IL(G{Xf^	 H?43.VfQipe>1 -C+^.o_!U.6Zp7@"[o78xy2.I	$0 kDC(_^ZpX2d_DNkMRnvj&-<]dBg0>4zI ).&Jc#<7yc?Q	+>'T]RSM_V`
Vy-l,k:c)h>QPaOK\{f93{{VC:}<82! mL,K]kFoGs-N<mdiiJ9]|zb=KgRN)?k;q-+B]5M=Q%mx8*4,%7b 3<Dr%OD?S7!5@r:'y 8LJI
R;23C-- jO3<N zfyNQAZD:(WCQK;v{D#A .
w."iV}ydV)1%=-y {lk"2N%`y8mfa@F>8~!iVUsR/q1$
p7o5@sG@`C7h=3rc`E],2_] kTG*{vx&/;SGdaAqTt#CQU {#Gveko\9FI&7-T_zA6:]!8%9a?V>\w9tf VzD<lfQ#1v7,!t|`Co g'U$K'3\b8n}CdK,R$7]vU9'}m_.N,1~n4!]94Si#[#(	~QyM_sFNstSYRFe'	 t.Pc;pe]qv{qpO<<)g'H-AAM#`k ^tJcpP8 1AIet-O2B>OYkoHMqaM;jH-W#:;Oe!!~-D$W.O/,&8-
l\Es`L"<l.]VPVil0^  frHNVC~:CF^']]x))L% ^N`fh+"s#SBHE- Tz,9P{Qd^A0d.jff}F LKZr$L5#d]+&m``P8%VyoP  |9jx$eKY{ `H91ZBD)`:Y58^!UB!>Zg@T(7i- ni+V0I^[_f[Vrku:=DMb	B/l^2"8#FcLZ:i@2.P1Ma{oVd c9jl\[K# 7lHCzM*P@D0?Cn<KW	tW}XZ$[*T{Q%KZyvY4{@33$UCRagP8}j%%RLR'J;tZQw\#))^2<i?EiZoY(1 YTX>Hy(sE7uL~S$XMXog:HCg"@KjB7rxGTsl['E5!m O"djt8R:f*o)T!!wWC(?1wz_m]\ M<cW=>*KeT{6
ng|2M|ez^;Z6R7qHs0[3N.$\0i:T8S 7L;jP/4h9.AN@p1U, ZYFJM]Lw2	M 1gzOPq[1~yC$cf"APXw}kJd#i5>f[cx +y[K#%NL4?1;U	ihds ,,Op,n<[6032P3&,<4
qQ*(tVj ~	?0C&78XQXYn]
4wP MzL6Ze=
9>h*rV#\BXBOf^e
NW>~@}|'inytTtd`pw<GLf9y:_/ #D]
dhSQ{w%k<Zf	KgaGb$[%8WwXor[cbR'["GVz-Rd-g`5scyt{ [R1%U=-
f1[~/(|Jo\= )!sRDM,neI hB:<<ShppfLSOpGRb} ">,*IBKy{_EC5;E#Scr3oz +Sj.?Ddwyy+*NWKnt34}*OU*RW#4b^*Wcr|Sk_'4T4i JS2l>U$~JA}M'kqQ -
R2>0MXyND zeVGeQ];^jZ\!)C+[j0Lp/01BUtJ"$E^7=rl@r@}f^iI?:;`MB ]S?+ L:
 5"m *F?*imJ8%7SO<p(b|`&Av	ex+2=$.^sq_tEb*x8i8bGEU@;^unCOFzE>K6O!}{Lb @
G0"iF7svK duS\g63<fe<P2AHJKf]=MeyF<t&c#g#@o*q2QTqW)\`5U@@s7VF 31-Z4Z)rBNqpID6Rr><O2lIc/#?B@Sg`W>g\si ~(S~UFHX/4'oiOIPI=tXmq{]8LAu@C^X+?x97'G]Ut
`iwU2.VG4:,x@BDYe&;
=O1)c<KOao+,*DV5|%ie8Y29+N;\5bTKmLDn9cOnMl<KP6>| jShPHn=G`2vkJ8E/A,*gQ%yYFAa<vQC$A(f\ &~E9=OGcp&-D\FnfQ|]N3`|(cW.x/s%042i+Td9qEE__a8MzzPOZ
<rhl_-I1-B!"@' CZHCu=]k m3Y]6"AIiQdBUwt&<`F]Y|A.~$TTp=]7\xynot=<Hz\is}$d.aBt?QlxOqG
#GZTK;M]Ax3t 0(;^PDH	|y|q7YTlU]0mMOJ wsqubhP_HE=qBmC~Es y  
1SLv&s;:J|_,b~"M\>{DirD%	R{+i^04fQ)?zVJ/~2P*qU8FCeyT'9.<@?1bX(hYFD)Px+kyG=!K=VFaKwTN!'iz\jxg
<#l(MX}_
R"9n+4u6sJvueO3M;?a&\.U2:aTh\9QyziqxCMGJG!)jogic x)Juw^u1{^e wf:j%<O7GwNF^cr{-97$a~;HX`C:gfk%2WqqV(>q`kRb1 u;GvFnBfW1/QyUm[At5m5v.6t:ZWZ
TyNE3\g4XeNxx_'}V"+nM:R8-V4B@
~z 2wX[X1g^V .y?[JST1M62g]9 GW?	"{ {h	f*c#zSc|{B-oSP$?? #!bFy5*|QT)z+$Typ8L=U]k/sFP3N|#=S1 4,hRb!kc)QlIn [WOjY2NU(,{_kOM\[<v?H/]\MoET,Q*8>k~UGhh!K#@1)s^)X{i#RF|JEWkO9%Oqe"9:aFw+ [iSW1k|IiSV`0XUhP2(P!r H\#K^hTuQNZ2`rj1QI{Iv4 .j%`C.-@L:[y"i"ir5y4`hhh<	c:@4i#3S~Xal2k+gizQ3_/@8jB#\ckRz^)$ZNr
wC|B05	Ry<M4WWnqadcG5t/k\k0$k|'TWX}Bp pQ27xJmYdkDSp		5Iksr{ ?1oog|[(6G6/q.C~@ [Gl^T9,k]mxx3_.4!d*
fPfb2:=.*zNb`@|;&%#jp l-=~:]e+r!uvd[ 7]^/wz~Cia,d`2UHpM_oK5UoY/-qPa_uAHr?%2J&KM2zGH#\1L |[u+rX,xL0RKy?Oa%nRmU+,t0;[ F|)v)Yu Oy/bZu<u'(W16UV|L8BKd}iaJxM6f?{@WOlFKfCd {uU$%9#HXKx|6h(=9`a,; !T1rLFEtg8ozsL!s;;+^HUvjl
$nFa2W ,9.!>=Wq4Rr~~o,a:U@U813w:#WZ	vozXd	#RcRt=(7uS	b4}+;R@MSQ53X.)ZnQ ^?}Fv	 P(nq$[a8anH;+O%I)"a-@$.BUl L*^,e+rF? -UMDw;qUtxxH7_&\Tr?b%q\TqRM6g8[U~8_NOj1/DWZu,MD}KOepUVq_kW	E49}8KL :rZ93*=l1r! Ah)Ll5;Q| nIIBY-"wC9[hW) ,%/P5$UDwhPsvwasmZCyjOYt7H^r-@v>xFQ,'6-i0[^VLk1NPE~w`W!7Z[!3~:2=UD{2~A;XRf|^,k9=XBU	3FH%V[=AT,fuex2<r&?+R%X	o|sqtv>)=-,C1=EsGKx|:|"#cVntDomE?Y";v=Zs6PkzYsx0tr:,v1sH,k<-&^M%Mt.l/C+PNH(\x5P*g@ka!7l6_LZl<SBtjUS#R	3M,oT	7/~!b*#HXXG'K	~$<t~U%gur(t}~%m[ZUyj,rP{"oZZ(DN4raqGnW,AscI0Vg]6SgzdJ O|wbpyi:-\IkLx .X\z7ecuX v#QbZMoS2pUe?7"mRT0TG7~INQ=H4cPEAqIJq t};e{V.TQvRt w66z[Yvl dfV}#ykPLOvk0w,G}WF_\"8vc	i@lftavU?z?e~Wd#NG6bdeO"9/xPT)5//wisZYE'is5He!4'Ma9y7`c/Z=w>zjO
$@;"WJk!{%~CY U/_ZeFv7,V}A~R@p8h1SJL|Gka)"{
TW ~#<N5;s)'0;B Rwd1`B<t"]^41"$	>FR:f~P (Ya  % 8i)u-B 8g:7SO4>,smT7t8!q#]/ 32K SKd*
4qw(z{&K0L::eRN/\_ti|;5Nr3DIm1}7q7P^eZrTQ=[M,#SE$']Uf{V"5iBI#K:;UU!6MLa.ghW^`Z9ogCf.d_8K4-]TiN1yT}b,0=:V@Py(TP	 )1MGkx}'(xYTJU0Z$ Ip31xeBJu~9P( F/kOG.W*kU*TLE8&wDDq/iYg$WV[bMg1?*qf,uU%@B}K$0Ow=snoIj-y|gg8C5LZM:a8O
'_H.}|1d9GcKf3rE<7<&V;CdQkW^I9;3Me((W>0l8=5knW$ 7WRSPK)/5 6=\V]4EJ	B4TN-m<\up$Q`X_kG%f&b:v]6J1|fiLG/*M0\h]K(,-R=vj*J^zHDULoR:1Kmb)Q8Fr: 9)2tQ<ktRC4A	oW6Vwr"-edY p2"FewQY8Rv{h5'<w7*"/Pl~~7*G\!%ZT
H1]L81vP(L8Xnhb"|y(e-BD;@`;{!wp7umeyvc*<CIp`]X}7rjT]1e!nyKJ0|2.(qV-iM;QaxthBs/w-{C=_31VDTC4;~ALUsZe/3k08JDi5mxCt"`zEK3:mb/uq)pR .wmFp.F Nw,Gr Mo,A4RJP3?YJ)[Q5LNoMv8YFdjTnu3Oa"sPBXk8QSP27`{_ `Qeo&8(MOt Ao#k2G=n"tDR(]%StUm6	C	y.bc	A?l:=o,W	:e>xzN}D .G5Edk(kzSLceviM@v5<	;`N3QxGHs5Y%4l1}Cy6:t_
l&Ms*_ktm[e;!(vs{g(7 $#AAIa8<c#:k!f7Kd@AH^wfLeWewoz_nkFvO{(@<=1iC?<CkZ)WR ),^*4Sg}6vt/t5SM :7_V4\3$ 6]y12aj^N]<<m?Y\G0%n 2'(r7@k97
";m?)OA `s.}?[O;C#.
P\boGF'EBT=}?\6s0x]i5;q#P%`#ysrw[.Dj"bNcP45{x*h6. fguEa7^D.7S`#YI{
hS0PGqhhF+G+uw){&DR8wV1BHFS@U?Uw@aE_(LxmjDHc\.+P
l
9RO4}CBsVisQEe0PeY+V7ScPPAGP;He_eR41iHK>a
{] %2X,[Ur^MI:a@U:wN.`+PvoUDChx_<Jg=r!mqY(9	G2soDy-V4fJ* l2YRq}oQ._; 7<gVV;vwUVF(.3[V|A Y^F i4.lFX|"qdPEa(xfVKh oU/txuU_XJ'="< [~L]%Alx 0X6<kP)Hb\7!		Kt"2F .2pdnmv(c[S7<5IH~A##`TmYr,0x@,><a=i972CbtI?^x}~J*=8]Y>LLU:&Pwa-k*.dq;e HbLYHTY&y<P"Z$!}Lyhb6:CxbOLri-{&/ W6hSA53 T28f56:d8z,mrPYqW<6X*4}luuy+Hg>59XpV-U =YuE<'fYD1~+y [t#892vJcVSNGq<q\15565<xY/NCC,_f[D@&:	%i=hGU	IUzo'^>ue6 ]{W'
y$?iu/79*I~y?618-K Kp[ C"mDs?e|L:Y/2F7|ie~J3m4!b>kUb \7ORb]Fjt5&+5zE<P.bm^+*{ts1y<p+>ZW#dD$G5KHN/s Y*,vv,-i5?~*J8=k s2IvMm2D#T?.T]QzT-&OJG@!nNEJUA4:v3994)S0rkCa'Zcp=OMoUe;/:`BmIzIx!ERb*Mrx +]fC Z/yidongbei/Data_version/testing/samples/1017.txt
 *<8yFV34EDfPFdKZ$AYVZ	NCHZTAN 1<q?os?	|]y-m?gMv~G}Kn{Oy9rx,1mOl?:Ce?j~svX	3,Y]+;Ye.yQO.\>>G>q`ih`fL/}5uj<:3a1>X-+2v&dj|EM,}#ps^% Nx|I;Hv8x ?n;>9Mrrgcof9yDXNt[PnqG`6'#lo_n6gyG~"60~f>^6QyM:?Oyti)c/4S{$xRI`=;}7%*|!n %,c?	fGj|zgD_~`&ug?>3#xb=*X^_3WZ4CZhJA[o8f
0pd4:>F~7&/xmFu1C=-k'4up\>f_Fc`S?<=o;M}4:
?{gB<"s>{&#<9R]2)=,f HEPNg,9~pQwt$`ei=!tPM05?HK?P![bb)fR Oheky-?e8S>@!YY2P^B77,N2;{a	_i?UG/XB[y.9pe"q0e?SH'$NFbsKq"iS#?l'%>r1bV:qDw5A(2>2@Efb>!55DyhHB)@fAxNH{,|M";]~3%1o	"?|yTH~UEg<,$(7TO<v7KH$$Jm`Cbs1d$La<D8
+~C<B+5>s
:zW0/9UeQ+wmYwx:1O&&!#]B):%'l1'`[8s6 80@a#^-)Y	]'0WeDW0VFH( I!&\UD j&_I	*c){5O=Oc*
HO?)qB!S<`',X6Z~~sV{Fxsa*" `nxU9.>68"QQ!Jl_m|'D.["n j%s"ADX&$cEZ"3B>41{g5$yM3tW	O?Y}j4<A?yWue4YPAdE7Db2Ip;#Crg1	8mvD5Z-X^GkS:"Ql(!Dlr{0aB+Ma0oP*LZnZr5`peh	Op4f`@\4,)iBJ4*>e0e3i8WiI}g<}{}8mMj'2t4+ hQk05WW:"?~Ds?d<OZ*p>3Y;qys
2+gq?9o8T&,kK[wuafepzb#72Zt"#YK-N3l@@LbT^\=6.A9
d=43v/,&lm.j N"h@qi!~GH  fuMC7	T;>pU}LAo0^p{gsT&gYL!z*@tJ#60LB&xZJw]wNSZMS-i) 
=;Zc~k6C
4rA@J E`R5~}r|%YL+J? l o;.%9i]o8rvg9t@V+fA
20F}1g$VmGF1Yr50,3xeAcRhdQ5
0["x]t,5B,0\F`f>=h0"xsWnzi93=\|hmr`M]]cSt@@:aCf^.r/zzQ"zM2/0NV_*2<(~36fki""hZu"4eJTxp"5efz|\DJ|MuL0k)LBL~B)	=@FmQb)e.}^7o>>}V
}u^ JHX O9{EK#r6<zZ-i02zM
a/(~^~Zq?{^jh82bm5R4y){es7|P@I?0`fxbFQCZ[wL}gC
d
]{:q{E32t1=/dR |!scMA	c.'rc+aN gm$\:;kkm0Qoh|<?k'3N+w
&5+ {%:[<-'A5`ThZ4N!? tcpw 50KROO3P8&'Vr+d4[s4Zhaf_3kS!|CJy%3=ssd  KA>no6,gJYjB1HhPM3a^T:Qs%oj;ae[0X{D-()>?})d_K@a4]kS|yw_TPPF4}k|:J90B&	<_PXo?{f!	S{CLl4}C'!R.SL^c:t .v;={25YPpD /l^%egFaivn$AjS\X,6UpSt8fNiP~)vB;hNo(91BMbr5hQ0Jf$uJ[jzdL<U*VL@2h,6c7pp{VJ!4b!1qPDP""<l/u
m1?PD4oOM!K8")'K(q_T.cM=Fg{["(b3Y4t4D7-'G&)/>?OG(.ozGb,F[(kT)T#78,L,~[\5hLLz}aAZDXc)0c7vT[
Kd!cetu$]}=  F#.hH a%3q-h[%R#5|
AP#:c-|oX#%  0`P}Mm
*%J4/j?#z/W:2ExU4B*Ps^:4D9TMy-C]l4pn!J\0G'9UD &[(*Cm<	U`+GK7>sKYLr`R0Crv.,8HVsw[0t\lXi^.)1aqa;P[]!"<J'7iy:b89,)I^wGvXWoPRAb /!LC*zQ=(Ja?b 9V:yA0/-5:39\b7|]a(Y bHt@yCS4Y2/ (%c0uUY	S~% Ae(p)p$HWts-2`@*\/"i+0>6y~2u~7C9ZE^a	t1i6*qJ{Sa^FX$z@vOd1"`0{]3i*BW}W6tZEtA=g"~C  {
|"&30`\|\`kK9
}U)4k]H@\_BEQp0!W<e,^ 6|Du.-_=]!Cz#GQC,h"ED5b^bO L ~XXVb]Q.gS(3T4$mTpKa: k8MH8M<FxqR4:H.M'ba"<jH,@%peaQt
Lx*GbTYK~C_lAas<R"F 'o:D&b:XzXCsSzf3]XtzKW wquXt5ZEZyqG}i,h`:> W#B2:	4IS8~4&0T<l@b&)'[,)10kL,>$1.1a]>7k>"0DWW\YL.m#}WF9
"0?L#eBQZw};|`F/ Z\>4$v3dW1B
/>(>@u$9YSPR_xta7X{5A;s	`DY"
Nb
*\`Vo0	XR-79R~$iga$v1 @84@B!P~!+I-#3K-]g@/ ]{gbi;'#CXcK*Rus$_ay~#=T4Pg@!IxQ@4cuZn? "@z{LK0dBRm/-$PwpBxAD
L)lf:h)~BR*wkxi:}j! @H*,2c,/h<O@E{R"}F#vS|@T\jw/0|`+Sn#z).pRI*_e}&b>Kqp7(x(rrxC*$cInq=:mbZ$XN\t aX,[Jp{% m?6$Cwq$coBe4|5o:oUZA4 i9p7j	1H@0RhFP5+C`+hPFvht[
riUy R& &WDi

 h,hd2PNk-f3I!;K{O^ S@\}0&8dh"D<	E(/Oy pJ)j"Td4*=a!B DugMi&6m	w3$wV#5#	"oj
*$K9uN/w9>
 aKF2=6 g>Jy}^04Z }d	V@$Y6Xis`^vQ{JEpPS(z{+ yPqg3x![1q-TL<YIv J"{_L]rF^LIlS3/-`3tZap0 |OuvCnaC?Pa3y!")sJ_&>(* IEG:_	CBjEduey+068MV2pmxeKM)_;SJS/2Z_P,0-Y.b)P	6 V
Ny yb&I?}{>c=G5[-v:>~"BBTA6pj2~{J>vvp@#t g7P^d7Z1/u08@ms
#qI`u,\ 7eVw%QbZxX  ra.DDg"O2+4@";xraMJg [%tad7
BYcmSk-|x(?e"Ik_+/Ul4#S^0\"5 _uV% =sALv0O~$y=NDJnu{U(dG 0'4e1tA/K5J$m}$}Fe  F`"m^?cp@I;pdPe,QV4@`}el*XaV{)Wae@e Q2%:"8]]4q'	W\X|Imn$kz G@!/j& _'j<\=B$PdBB^
h;	ioa#b@WhSfq<}N<;`% zXU
@gpLOu8t3iz	[mVl2sO![ zMj<5EZjvm.+&]MR?kb`
Bt,"dz; o)&&N-*C
^ci+U?OI3+s).Nt5c^"W'!s1o>Q9![Z	(&Zirx AHJ#Dk|s=*.89%[rS6BR(pnbP+?(jF8	`k<%L2RAm1=^D"|~"aDXVw7@<&J-"m~&"D"qPWO~ZZ]$V7$r'i:JdNjGz{`vSx4CGopb`:)\	mP=|kZV<@U]bP
b/7X0|F tk5'+JfMF'93?BOc	"+ :}]`:+EN+l#)#>;VYtV%-L'@>7%GA`wPig\aQ
a=%|$Ww(fO8zc15t S{I<GxSGd  L`Abu;N7lvw6fuN.7Jg2fh n>]3Xk=U
<woTA!"jAVq::juZb&E,&5b
igaM-Y|Xib;a/@|F"Y@k3		,\Q98EtL(vsD$f! kG(}&2#3lrJVq@/$S/u,J@D"M3QK06}U]bh)s20OS-EoOu,{Me LRVy$H`*I_%A1#/{cgW+1l/M&BC:TJti'Z?1ETM0w<,ryr09H`D\C.HcI_	M|Dua1}hG/@LiXz/	/`}
C)z.&61F2n6(/<mw+w$L(id%%SY>=.*Vp~u1^\F3Ei +!x|H?J6iF"llF(fIn-!v(dL"`POQ^bJZr+p;2?_d0e7G1vj%_'*.oe cY\xW?9Ne/3	e)NG
pJnF'	leQ]Ubv
0]
sRWn$%E<a=2jQKCRp|MKb@J<x}<{"(S/X1hQNPg^Oduzs{~<r.PQnl@
,bQPdx)'D%1B'_1t
z9+6(D%]Vl?Y$*+`[?Emb#;9pSoje^T9A+kJ?T1Q<j]C$E<^Io^8RBs&=&IB1 g'Z*CVd[JAGS,HOh=Lu746iC'l[y{re,8?wi3Xn7'U$aV-Qu@GV0`L&n*f)9o`0mEc!
=R dg<zVA4EHw$`J)3EYnN?+&r|Pr9vh -Xr
cMf[_y[[<TUqm|BgI&_>73z0%Xl0Qt2%osIm
WC6cc+FD)V-b66 	I#E3'cBy@@+okk@N-jh	]t(h^+[h	&`+8<^VK\mMWhN7Jn_x;R]rLY&cdmMR+86%n2\cqk*+{tU>baS'O1@fR"@\f:W\Pyo21h2A':W1 u}Y6BJWVpznCT\L~H`$E07`1uX6$kfI:VS2,B4 'bNn0U L~)L 8c^QAqo@PiW.^[O{V\h43b|N7z4x.=QI97k}/|\M5=iZPnC!}'ck[
\[ok5/=NhL4vz3V
f!R3>)f
EfiQ1A6fj}9!_G{}a2/ 
BPHmXJHAWUi>~c)5v_B'^.aQWmLIGGWsFBnoY<)e}6`Hie+DF$Lg#F0-x@!(tJ 	tZkk^%PHd1]	w3&4^aO}-b1NUv %	023HS$	;K`i$PFC)0 (+2C-jV"}KBh:n|tW ?`D2buX~
E4	5E2@}k2O'<X=Pa,!%"s1!}4IJ!wVqwD+hA8B	Yam|F aAAp,i`t3C*=G<CQMV'5ED,5H9]Gy9$28M0(7[I`P`t"/kR jza
I6bcJEo/Rit%yZl/4t'-I~qY*024cPE[Q3kss$`/wS+j	Rfd^r@I&rS!p(mFQ#0,`]x<DyC<w<m0h@rU!&$7J UqNMD11)dlcis`v>*!*UH)Un&b)4$:])^vH*|y%flq+uR{eLm'=*Tu[Nz;%[gre:]o-h@qUd\?@2}_~st2(C:Ae2GL*%a4
qf4-'~, ydHEGf&on(`wuh8	I
55#<Hw~"2\5h{J=D^*x+--g8xOQA4:B[X[r#ke[ Sd%8;3qz~f*l6&-TSr4Z&\P[?`rI*iH.8'EIC.(  ErRA?tR	3_ch#B`y1)/Yz+fwH)+Ghk+:n:X!x+<5	M@BBeQQT+0Lt*jK`RSTdcOEGgi5XI#QQ>HesYG,	 _,8)@2B|s`$~vyz!dZH8F{u"*bufK#^ \^	c@XOorlbc4%ebhm jCjQ5TI?QJBYH`P_]d_dF+O(oatOvp~**Mi"NL	)$2U='[!ZlB/`vS={KVh*tjyso#@2QI 
\Y<Y)KqT-	FiRWHK6 xZmR+/Ji`bG4E y'WD>2>Uc)]; 5|5*@rOEycU;>zp3/`]$nCnl_? P3qI6ZO{Hih6,Mj3i_<Fs,HYTn_	6#B%[lMP6DL"fmDhR)&3e\~7[FzH\^.1{Xkb:(?f(3Xxd(f$M%y`}V317XBgF ;'Koa"!Lj`Ci_I\m&I}j0v:YH1d1VWdk8$iIiGP[cs	B]b"B92u*59)V":b>v3u0 ">p&F-GPa0+;+Uyu%(fh"n3/|11VZ'_WSb5V&+pO&/NS_0	S.K'q_:DPY `?{?Y01BEA,>\xcUiR0H:><e"h|P: gEtzdxbTk.*=1+vfJSY/qvN2%6(Y^R4eaL$&zl{!]X$`hF.X
Zf,'I4Kviy+zwPG#	L`b6${j'/a_V!*7THLb+w1YVhP;02l-	)+Go{\%M{LaW@M3BfhKi[,'$7@`MN&syMU*`
Y&o]P	WJ)U8qsOGA^OHylccd"n_:;}<LPm!jRLZH^ /Es3]1-r)r(MG'_I!^[wB"1Z+tV Vk z8m/zMlf<RLACi|L:zL[*q/8j!4Wf1(vk/F|AFtl,E_]v4dKCAI,plQX~z)O?{[}sz {Rw8{`%O s|$'<+RbU5:
WI7y]mw4m#iq!ImWn>S1d!O^sN=R"t=e
rj6 ,F(nd~j?%+k1+0Ac$qT7t27s~`84U~a;My2iMI6]z9nyY2D^MRM9g-FD"\8ki'z"iu1Ag
c6 '?}&ORI,j7x2Z5KW i+C (2j%H*e| H1e V6kf}]xsh)1|bHgrhL0'\_eux]|2sO*SN`{ES4/V=f4"[Ft@hL,IFr3Pus([
r1Vj	~" a?Ad&+0HMf2>R`^-|7^6Pt&?S`7y$DgP
W<~etfTwvD@.v+`(,VJ?( .+D)o(w|6KC@`PtF-S,5{;	:PpWV'
V;&iv	[to`4y76y'h3rH 3=|ORL|5QaJ++hpBEDf.l+kk]%mr|X]m7yGbJ{HR9]~@87ztIeLb h0:okxRw.Q_Qb
AZ?1!;R &^H<	dyZ9,q[tw;}J
S)HHB`$hOiQMefsu>WQx@gUZ[Bll I\	};rI@]D#[%6on4yXm[P%st"pyF*t39<pksfi26uUi):Pf@4+KC_lCvi@}
QFJ5e6lDHwIKrZvTUWgP/04]X5qJoY> lzrq1_apS|1T7>=Q"p'^5"X[-rQ@t^fgUz"&I4nzwV
vD5|u<[+osBaym}R|+,zliJs4N~QO
.L]Nf eNGc{	Kq'{jL lz5D=V6E6\%"D5#hk^1i2nXnC
KwliCz}y|;:V*.8H"TdcgWwC|h1pBe`u3V8xe2\zdJyMdt~Hjmj
B5nh(xcSwuQg1]aN	M`e![C!zwN_zvtFd>%E#>SW}~a%Mx#4L^2Ko&tau+n
/e]^UO.*L&NLL2 @/
W<:F8'6t-a.oW>/OWl EBF AsIMi=VVm15q1"".\+y+;W	*^	Us_~qwU?(qL*#UQS<#S1P3Q%Vz[?p,u+H[O^9Ea7	{dkze/d'fG84&I#?}koyg0u33k&	R	7O`9"jj'yg&MWaV&@'@	s&(FT6l6-)viB5)qOEwAB s{5Ocm:> p~F.lCktgaNJ]((ql8cA:|e{	 2I.rHL Lw!Iv`~[1lRl]&+A&.kt%wC"R\CE4}id	4m1-1DI5H<0;/DJsv`7rAx2)W2ke$Fz9@Zb|CVh{hS\+=<@wQ QYtb( =e19vfhem Nl6']82}PT0GY,6t*ma@S~i9[GP[%c[[iu.qaq	L3!;$^+oJzX.6]"&L=LK	)$AG-P84[ZNV\V_~Qt1Z#! L	eP?@ S:KR]!,UIM:?(B'T"qU~u#|-09*!s/;SD)1.-:f=\/48qH6T,{o}7u6BymSK4l^%*P_^#Gs7_G0&Vc.(Qt ^IZb$q}5S;a"XGPpY`mXE8	 h=R,
$E	\#p)
<MVX;WmZT#z+K)<J>~/+Z!Fl'_bi/?85RipPn+2V*`h6shx>K) ?UWJV3yHj3-
a':Y;p4xr|SgO3bWF,;1J)DT	gp_V{&suGF6hCYA}nsgR{Np4r}(RH}rTV' q'+Tab=U_LrUr7`y8U|KIdy.C/1*|9dra]F\(Y:X)Ul%xAxB5="Y@vqL-3o?l/>c]QmsO`  w xs{7zm?Tzet}zcLm F2>
g4A;3mXi WYrZq+V*/0iC[oQr]aD97/S<far`_,MDHB" y(P|BA~m(Am0z8`-] +9DT+"h'"hgfyU67GB"DXii,HfYdaK l+mCoClqu}"bm@O-5lf'T1/P3~9I2Ol0vYT/ho?-I=molxsz@ Q(M]Q0 8l_TcL:gIvJ8gS7DU(6+t?tK6i3jq08+C=]|<L!NTEvTz#X;q~`3SW{rM}i11,}F-[nik(i^R|Qn)Q)lcz)r'mp7|!i1\zyqZ(N*ip^>02qAkg}2MN/m\d6`^A8u=dM"q/3(aV3h+G%c!jd+$T1R&y?UPRrX59%&*K%jxxgPs+4nY<Lbl$8=k1cDcMN8So2Fa)}Qm'h8^1c`s-y5H _JBl#i6(|@LP(<JPv5UuS{8-i,@Jsj bs5%VGl2fMr1k50Rg80"-{2B1Lr&3fDlR	Jm	;9r`o)\iifg3-/$U	*%-N\ nua_"5:(>>cS8,?bd#SoL(Q)kz%SfsA *?GVyc?dJj3zb{y>vbbkV4 |;K\Kw>m%Lp'CfnV|1^vnyQ/8}TA(Ej
#<<$}|Vo%aC[.Yv}Cbpz;0l4iYoq<wxh,+3u5<hh4bj;wSfSZpO}%fZ`n#h  \`>}Ih:Egl7f+_ 9+zjZ5<"D[g<e2O$"}I  Hi6eeuX?><?68%k3Q"oYXuY, ]iG5cy}y~"lV^M|q5)5"'2:90$llBsEyzR'\!oI)zU$YeYluJo#0o
SlEuIjA!)iEe.yu7J\
WPq1<.6hM0,)AcRZ=0xutxX*A{j.|W4anGJPFCX*&EhM[	fumo3+95B@;6J)\]T-@>(%U<gx N:iGL	]=w*lRLk)d{PR
rbPniEMMx&4p{d0aAf@t2[s`/gt;z\HPSxr5vy+A/hH8;6W1+H`Gd9w}d/u3 E& '! gTA77S'Fb;5IuVH&	Zw.CPP:xN)(w$=iH@_&N;11W6?'. +{ws"7:P,-"$y;mQ:f`Tqj&'J`c nYDJS_/N
MSO vf!L4)S\lU3u"#]Kfu/ShbxFl@F{{:7	(>slmvp Biyc#h RL{><-"C)xt/ 1QVSE3DFTw6Q	GQWf*|SS)KS"TBjc<gDTpDI@V`=-Z^&0v~g^Nf~5}T.fHSqje?M/.fE9|0q_Q f!:ER
_Mx>}A38V}_1]H2O"1vC	N|=Kao[\WZwO!Wl\TF#M5%iY2(	]+D1	7	7A3|7?e;_K0	~W_ZtsX:yQ~Zxq*}JF>fj*u<~~j88s .
O7ikPJz*}9ts/xHG.'v!dC83gl6=}@gqmCA29
nmnUW% s* HE~vr~8+.aD\`k[i[9EQ4
n-aD_7l} 1Q7Tl/w5? F8<32-K7ynBXE%IDXFN_o!%113}y%x	ozq=e4?]]^_4	$.FxQ!0kQUYuC6aBN7JN/[Egnlw
2+HM%N*JdRDSk
2@')4	%pNh/<;&gnqwzxB%V+R0?X 9X=/fM'vi$_41Ec<WPCt(^Iy*	jUt:>| *e2bE9Jn9U!J*"};Z5;^p@~X]66m#d, {m[(B,s`O*I^e	 G?1o[oEh1*!{vM6fE[
P|Od&fTo~o1zK9xnppJjlqol:qekqS8lLfOuJe#s])nWS<0	OXLKF:j%izo<BV^dc{KXh8iW/vS{\dY$0V/@c6@b5ud<.
~aC&+Bp29$E}w~C_16~75@\[@ <sS:	wvT4MFUS==Tl	IU>}-e%x.V$}f7fn;e0N,vyfIz?[;oK7iq]TP,S%Q:t|qA|y#8B[B $3=_4Sf~`r go3N*8Cmm$W( JH`Ba@1(*m4QeaoJP`oGK{gzx	Bu F#=Q|>x*1;A )*w#{}RF]['.ox!&PG%O
3WQ*\VftS$k o4BMbAxU })/s+@/2Abnt3FKL	8R|0*E:LW#3q*x8-F 1EWC\~?\W][9	Y:tD78' mLe9@*#D"1*PP3-7#;	3w5+;
]NN`D|9'aW_ZRm)P4ga&6TPrJ
&PFF_Zxp8iss19?<qmC-yfb6cw}e9u<7y|Kq	~v9*3 n|D|%<q-W)4bFr
 !x<a&["1yZBJ%@.fxs<M<Vtm2+4H7YI&*9rQ5^#3Rh!Oqdl1|7V4Q8PR7sAs"8[^qs;>j+ar{-nWO3BSelqu#KU842LV]"PNS}HVc$m$Iv"KMu^(l{#k\Cc2jIL{Ar6\Ye9F:U[*s"@3.BzS< nh)iD&_(Twn7tRDpgsB*'K 9fo{%0)_W~M/c@$Y=".vwH'w?gJ+E
%n~wE`kT}=#R[. u%>. rZ`,W}ow8H6ns8mRJ+"_W<MP"|	QzNXBk*<|lPD-\M*%)wYP}C^ rf0u ,m:g<xZZ%4yNZSwhq/Nbco=JHG$sJ~'<pkEZC96l_Fwr^SQIhM=Gq PXvI$l&_$>#f37tgGn4V>HE*n][	Kr%
wV	iT^05l1Gwf nK+JY