1.338387153422998077e+00
1.106959683892819735e-01
8.330045798956923209e-01
-5.097077313765827622e-01
-5.986971040845449066e-01
2.603224159550615591e-02
-9.893631986183130111e-01
-1.557385254170566835e+00
9.043191432914192696e-01
3.091760371019336429e-02
2.154048281654635133e+00
2.007935029314558140e+00
1.027416636369980596e+00
3.248993287461040547e-01
5.284506017167410752e-01
2.279691083425653686e-01
-7.930979645244494725e-01
-1.722417106772305750e+00
-1.516471664387919249e+00
-2.361215249908398039e+00
-1.602792587343246922e+00
-2.794168577642534679e+00
-8.893994275384886627e-02
-2.220166860101707051e+00
8.092507283613165070e-01
-9.877957992131670695e-01
-5.883983123710923024e-01
1.277168523456795324e+00
1.592160873998961890e+00
-3.925061592665886057e-01
-4.052445128933565011e-01
7.838406763353339413e-01
1.706948640657624805e-01
-9.452134461741363847e-01
-1.879732922346902813e-01
-2.516208312379926149e+00
-2.198034105957287654e+00
-1.465005780650383560e+00
-3.073479810247650601e+00
-6.128931830423973715e-01
3.815205828278678823e-01
-9.373777170196198050e-01
-8.050152071431914136e-01
6.336025464316534794e-01
1.686004919631728383e+00
1.440111759454085760e+00
5.713501564776172215e-01
9.594565799598859801e-01
-1.544952593329617985e+00
-1.013195144970979733e+00
-1.009338565173659719e+00
-1.491630708743952871e+00
8.273913941195409905e-02
-8.389907151772715288e-01
5.288664456175286022e-01
-7.321361220296382921e-01
-8.306847807508793702e-02
6.572250879384465838e-01
9.120701254203067432e-01
1.859151543731843992e+00
9.857191725777072477e-01
7.633434879492209113e-01
-1.196006605275742096e+00
5.376936665634893253e-02
9.884236009777279675e-01
-1.018743171901911992e+00
-5.913790429719056885e-01
8.572560179921733248e-01
4.136964000958083254e-01
-3.172259651190039165e-01
1.007082882991727324e+00
-5.205642747468991471e-02
-1.524792153983315579e+00
1.573408139464796962e-01
9.780453701240650055e-01
1.638810586027925176e+00
6.952195506288455507e-01
1.391272597304290981e+00
5.892284918161364571e-01
2.866212123107316212e-01
5.319640182496703229e-01
-1.736174827861116099e-01
-9.412876821428297625e-01
-1.646527578477426479e+00
-1.711872092355478880e+00
-8.740193592796747790e-01
-1.508495908503282079e+00
-3.643192001267641089e-01
-4.562486577719929159e-01
-8.398507228906058053e-01
1.434618723335678858e-01
7.280040604569870677e-01
9.442263224173882419e-01
-6.656933756982087447e-01
3.828677437222652857e-01
2.868386452860056113e-01
-9.982873753708160214e-02
4.246231482746138930e-01
7.049172593663208808e-01
-7.173018514408314728e-01
-1.438025809779697850e+00
-1.365536246265355080e+00
-1.072494656425392101e+00
-1.962527963230797035e+00
7.900820735469439304e-01
1.939975616251955193e-01
2.082802231274460958e+00
1.784209887832832742e-02
1.593575673302375151e+00
-1.553932573461690447e-01
-2.865353287580363340e-03
-2.539818902407988133e-01
-6.648155110542890434e-01
-9.026927222946831142e-01
-6.577477121111759972e-01
-1.076961754061205090e+00
-2.031225705435312001e+00
-1.864387740509966029e+00
-2.245133636918626330e+00
-1.506176412775467321e+00
-1.437320847829977710e+00
-2.994767307265636114e-01
4.367615424401025126e-01
1.359632118845032878e+00
8.090286452202253287e-01
1.698603842089151106e-01
2.965686804290990075e-01
-2.228617742206270569e-01
2.720131971364202483e-01
-1.135787730266764051e+00
3.264240341761294184e-01
-1.662493726858589871e-01
-6.760562748290569468e-01
-1.233064186173519428e+00
1.031520138119994989e+00
1.550635581371027083e+00
1.008207330088738640e+00
-7.652034181546180092e-01
1.124099127498978667e-02
1.381501529193052580e+00
-2.949511218831188386e-01
-8.795114654557846245e-01
-8.288810741957647332e-02
-3.726721896559467284e-01
3.326674462825831569e-01
-1.256724534844572694e-01
-2.616283880773162540e-01
-2.237981444073646742e-01
-1.692976162475161361e+00
-1.327816725323178737e+00
-7.883851922541362800e-02
1.978613056161462325e+00
2.353448645984783205e+00
6.808364468071522735e-01
1.287023595976712897e+00
1.446894321973030362e+00
9.133493128503912262e-01
-4.382776853489300795e-02
-7.497851843332056232e-01
3.588858752802472907e-01
-8.149426414183280620e-01
-1.187008491939383958e+00
-5.029279518217412148e-01
-1.542882375278702423e+00
-1.671167947552693045e+00
-1.654944751785667689e+00
-7.949026664931750918e-01
1.580487033523823248e+00
-5.715750458242686571e-01
4.465194348353118681e-02
8.847724775540813935e-01
-2.376110304493386227e-01
7.403395243600915387e-01
-3.697051332081084940e-01
1.664023666753814634e+00
-1.082208278218192321e+00
4.344891078743820523e-02
-9.653968560254448938e-01
-7.824858144171396024e-01
-2.221012189106935431e+00
-8.984253879930037545e-01
-6.149047901377198144e-01
3.289644816851999831e-02
6.279683754902007919e-01
-1.312071312446879467e+00
-5.030121054250406010e-01
5.076876614508923913e-01
-1.898896451746290515e+00
5.415083239202442278e-02
5.483396059994724014e-01
4.026890753873458295e-01
-4.143449117223507727e-01
2.925786523240729298e-01
7.208081042862768406e-02
1.143310088512055067e-01
-2.176610349022357616e-01
2.810612766706993559e-01
-2.400453031554360628e+00
-2.761556950684473932e-01
9.415725161090726658e-02
-1.752738148391181028e+00
-9.798007699231390255e-01
-2.315180948459649724e+00
2.552519779073622042e-01
9.895880017786637950e-01
9.239323923071544875e-02
1.317304001347320064e+00
-5.492231937449697510e-01
4.519422901479637211e-01
-6.423929708800434346e-01
3.132213407309203390e-02
-3.274671799760542346e-03
-7.523556737156293917e-01
-3.027387300807978243e-01
-9.116599250250555508e-01
-2.673518507940528366e+00
-1.743885230117953267e+00
-3.001543464490217250e+00
-6.755342283780761958e-01
1.380659825934740459e+00
-7.107029502094128759e-01
-5.254570630148338584e-01
1.166731735979817941e+00
2.749418874427316251e+00
6.299327200169991814e-01
7.608316484719093165e-01
1.185524917502076780e+00
2.083218817612622509e+00
-4.616298149580498333e-01
9.592148334982397717e-01
-2.637361628292980709e-01
-2.133847753202378073e+00
4.227949169554197084e-01
-2.176108487359915244e+00
-8.249836701826146479e-01
2.755010058358031699e-01
-5.539415748404934448e-01
-1.119926968516122390e+00
9.696959829685281029e-01
-3.924631570073283671e-01
5.258576992894228308e-01
9.185284927556429668e-01
-5.320680415536257479e-01
2.660706217743075697e-01
7.295711921767733532e-01
7.318250255851888042e-01
3.573762874943734458e-01
3.113247060228536700e-01
-1.456564074598895253e+00
4.231517761735459349e-01
-7.702410989972083843e-01
1.439691899801630370e+00
-9.352353907660926335e-03
6.933523041838084433e-01
-1.595096298567405091e+00
-1.274238464982697216e+00
-5.185962125109517817e-01
2.633889437968869318e-01
-1.689287870220960386e+00
-2.450688201132600330e-01
-2.054376876458070100e+00
-4.984082278049205006e-01
6.560188094338366138e-01
-1.383662475605470954e+00
9.350121422221686629e-01
-1.483915579142692787e-01
4.426564626254335111e-01
-2.299132404873442392e-01
-3.263474604914939903e-01
-2.384960455826663051e+00
-2.473178628014776059e+00
-4.071681814773264740e-01
-1.750181464105717843e+00
-1.396996730096781159e+00
-2.705707037552747884e+00
2.595718642532332532e-02
-3.012218213623109042e-01
1.194864625830949656e+00
7.954186511777155966e-01
1.169938587643282846e+00
1.816988614390151691e+00
-8.387847347678833998e-02
1.002060108451133247e-01
-1.736522867431554040e+00
-8.483429965378255222e-01
-2.194706053411932700e+00
-7.024268018095944921e-01
-2.182077076766291146e+00
-1.338362266658521982e+00
-7.113438019713067550e-01
1.346704428317278823e-02
-6.750820034299996886e-01
-8.529004037689642548e-01
4.963330452771786971e-01
-1.798661477727536706e-01
5.567265210282512644e-02
4.619313550828988424e-01
1.290889806029823506e+00
-9.065440949501935020e-01
-6.008029834961934323e-01
6.326204352144942922e-01
-1.209542948920911964e+00
-3.576541973454777645e-01
-5.587164145748200195e-01
1.228867677981955175e+00
-1.790121024177973474e+00
-3.742760942483666087e-01
1.200780515614240374e-01
4.250007739170733045e-01
9.253436539974564390e-01
-1.127312448557832525e+00
7.550271489673443526e-02
-6.553762855027920331e-01
9.767432160802081986e-01
1.512180041714478729e-01
8.898907072984360012e-01
-1.787528111933793129e+00
-4.762956400771525267e-01
-1.270731413269334809e+00
-2.065757993346099664e+00
3.263788927835139519e-01
-1.873731605279042700e+00
-1.062520840694373803e+00
-3.761769491368681106e-01
-3.472284263918580527e-02
2.212468243922867672e-01
-1.099042639045703762e+00
-9.642228983545721999e-01
-8.011598917120740238e-01
6.434405044287122566e-02
7.251510896770035908e-01
-1.355994859068453962e-01
-7.438638093819541219e-02
-1.681013165598449488e-01
-1.002640007245529485e+00
-2.588876751340177140e+00
-1.950091241237200679e+00
-1.551676517264901412e+00
5.527883965484394757e-01
-1.633317417845201236e+00
4.227677472281702875e-01
3.541830178082787106e-01
-6.818802625551094732e-01
9.595324913173288728e-01
2.262058089278922601e+00
8.685420708404183454e-01
6.644245908283588076e-01
-8.564762926034447110e-02
7.935637850245780278e-01
1.299667402306490249e+00
-1.046375201666792210e+00
-1.121202046519502726e+00
-1.222664130139901939e+00
-1.485047884892591430e+00
-2.043360382814488840e+00
-1.006691660362965868e+00
-7.245098253542097133e-01
3.044171782942114435e-01
-7.008898556727276574e-01
1.141506993740501130e+00
-5.041414890747059063e-02
-2.263043252618119450e+00
-3.585881137634940874e-01
1.335742009852724843e+00
1.710103485290384251e+00
6.235848421155053556e-01
1.073234186726985451e+00
-1.475844682036314470e+00
-7.632906837194119998e-02
-2.381536733386318549e-01
-1.675209690087329450e+00
-4.212293130165067345e-01
-1.354794658296799570e+00
-1.382415036706394318e+00
-4.724573796456925656e-01
5.294066510096884226e-01
-7.617494697299972417e-01
5.652984561641640759e-01
4.327999727261189200e-01
1.403839414406727659e+00
5.506183386512285560e-01
6.744199425278607496e-01
1.894024563156562646e+00
5.248955530354875165e-01
1.139425535280516488e+00
9.213257332337138061e-02
-2.129203455941939271e+00
-7.498093359166244642e-01
-1.804929906696481456e+00
-7.401152139481054215e-01
-8.385696128912417668e-02
-5.429850776206250895e-01
5.026475585936331925e-01
-3.870423159519570389e-01
1.798877900608283897e-02
-5.530311707320911818e-02
1.222753844706204296e+00
1.961259706755576482e-01
-1.647004144788121405e+00
1.388998335210654966e-01
-3.761487217363071456e-01
8.976250962936629385e-01
-3.922382042849932304e-01
-3.286558945374750684e-01
1.469183319467918469e+00
2.223266844642444173e+00
4.641268152181425855e-01
9.092510997492133651e-01
5.258024745123853760e-01
1.634889424738421804e+00
1.572538204703547438e-01
-4.399351701354512478e-01
-9.448769570602448820e-01
-4.213133171976414793e-01
-1.310181043065777207e+00
6.419136310274140556e-01
1.131280691494768842e+00
9.788702085322881219e-01
6.099738934351357500e-01
-1.286223324256086986e+00
1.072946427340390807e+00
1.526002461077756056e+00
1.350996326569109396e+00
1.680984127363598368e+00
8.164240046107973381e-01
-1.014607442355545786e+00
-9.633405254534920248e-01
2.300385800243667234e-01
-9.291507901912753331e-01
-5.417023177561893776e-01
-1.965656119102416888e+00
4.717450094223718526e-02
-1.479095975532928264e+00
-4.389354395806819853e-01
3.287273909213701550e-01
1.699724009002566705e+00
1.869419279997333705e+00
6.390348100171016066e-01
1.689048677191016701e+00
8.698159208447178159e-01
3.474392656244526534e-02
-4.212680945371704566e-01
-1.409732422393831452e+00
-2.329170196527758030e+00
-1.901552489965512738e+00
1.573290160474867250e-01
-1.680389244299504092e+00
6.166513595638372092e-01
-8.301880391300600071e-01
-1.198438368675845744e+00
-1.280942455303862193e+00
-3.917959069375747116e-01
1.895527137004741958e+00
-8.058833581682428582e-02
9.792397874488072418e-01
-1.267465123571854257e-01
-1.319368075020314279e+00
7.051490052921569607e-01
-2.890698617921736990e-01
-9.628582067865394389e-01
-1.678956145141251577e+00
-1.516629942386178431e-01
-6.454303809585932861e-01
-6.023881110182358611e-01
-8.495785766274521755e-03
-6.707460046390670838e-01
1.398622587636684234e-01
-4.398605245059834523e-01
2.771746107464053699e-01
-1.759519461748040969e+00
-2.723550125521928544e-02
-6.128474371258764153e-01
1.013108680400732320e+00
4.884837809633953976e-01
1.686185142397361725e+00
1.629703231819440434e+00
-4.232270477114527529e-01
-1.218386164903205282e+00
-1.317350831592480231e+00
-2.575469314036571422e+00
-1.820791590703394247e+00
-2.316480799107506705e+00
6.471690252897357443e-01
-1.931972090961624200e-01
9.190928225867225354e-01
-8.395161980662400047e-01
-4.448299907107644557e-02
3.553455733333810151e-02
9.610550632093692869e-01
-3.924888402967583456e-01
3.293285962802379174e-01
-3.478606603666027919e-01
-1.728880608802687124e+00
-1.867875416986245041e+00
-1.659068121780103322e+00
-2.033252597780984772e+00
-2.460169476262801247e+00
-8.795404775879654968e-01
-1.292224996341787335e+00
3.028953199278671127e-01
6.471357393087093790e-01
-4.333729477480452452e-02
-7.805002014238445751e-01
9.861168231653434368e-01
5.674751192877005579e-01
3.150663383897187031e-01
2.891192883142500447e-01
1.242544455243538293e+00
6.106567194750132099e-01
1.570207703353945439e+00
4.606130398027855066e-01
6.554686147349688685e-01
5.465872931142472524e-01
-6.460584105121645049e-01
-1.340757023210928711e+00
-1.603381462054979112e+00
-1.270355648438603158e+00
-1.633090707488434212e+00
-7.593360477962344257e-01
-1.073647084900429260e-01
5.241401000459239290e-02
2.440247142589654361e-01
1.654844436641183414e+00
-2.240783627098396069e-01
3.437259199959750711e-01
1.083844155301744383e+00
4.665498013566561353e-01
3.413645591309282246e-01
2.454652298342244743e-01
-1.161121401978578271e+00
-1.793200145474991514e+00
-2.285557754819803389e+00
-1.081423315927995121e+00
-7.151179735176408370e-01
-5.245937833223245361e-01
5.356229070637000822e-01
-1.263186223312067202e+00
1.029722854960993805e+00
1.164274205692647168e+00
-6.830415360519214163e-01
1.116116713315717046e+00
1.658008109112163453e-02
-6.211852787030067713e-01
-5.622972694469108301e-01
-5.181118604049264054e-01
-5.549531023558077480e-01
-4.505900077856003216e-01
-5.850382197488517289e-01
-5.417258831663476215e-01
-2.249249690195339380e+00
-1.546183782803438378e+00
-5.683287973639417068e-02
-3.764547187941055251e-01
1.193309230962218415e+00
-1.729872255022428584e+00
1.670473820917238172e-01
7.258567852086091066e-02
9.203965416113411013e-01
1.537479349449042854e+00
1.112033018123744110e+00
1.527436432742669936e+00
1.339872936407730419e+00
-1.122266083231544309e+00
-1.043539295324717342e+00
-2.438850207385735158e-01
5.752163241674733696e-01
8.981677946931119205e-01
-8.042189896019865669e-01
-2.023592920165417919e+00
-1.955419142983602310e+00
-1.724504071046259135e+00
-2.195142469028656507e+00
-9.342431131987447568e-01
-8.379907099149004335e-01
-5.889755643363250165e-02
5.415647528074856165e-01
1.782483462138672037e-01
-1.799843816377654226e-01
3.249324692655317648e-01
5.905359536414285238e-01
1.466489389841987734e+00
1.005088438430764342e+00
-3.975908941959225285e-01
-1.356821178080887202e+00
-1.496531053638150865e+00
-1.160437075585310174e+00
-1.628837238602147464e+00
-1.988459120025474203e-01
-1.429043557759634098e+00
-2.513158020499960621e+00
1.209691893558754172e-01
-1.653508068530128661e+00
-6.787290973629013235e-01
4.501736205418663817e-01
9.217783241126407123e-01
1.080657198674055852e+00
2.267049172386117473e-01
1.078275544237294881e-02
2.326927700542690935e+00
1.842894578089843804e+00
7.145256533817961886e-01
-8.228658224181784053e-03
-1.263839856936479045e+00
-1.879715780800419234e+00
-8.934137905150508763e-01
-2.382731823420893402e+00
-2.310465351785506272e+00
-2.692961331777389944e+00
-3.010792362775145392e-01
-1.194297079061478417e+00
-6.240077951238399701e-01
2.060534330524828484e+00
2.285524486195410265e+00
8.258172811572908056e-01
-1.210019199332712514e-01
1.101787693002501012e+00
-5.014900650614061428e-01
-8.064552023808233550e-01
-5.606547387618663336e-01
-7.336577255444217682e-01
-1.500688964904047129e+00
-3.265228320774104520e-01
-9.080611989983393695e-01
-6.317723186657637768e-01
-7.438366513383884993e-01
7.596628735547855671e-01
-1.072279156633551445e+00
9.571888094353306897e-01
5.309215098147340717e-01
6.531044036383186757e-01
-1.048388999642894337e+00
1.282709640402424078e-01
-2.905123911741102072e-01
-1.309753927558670261e+00
1.710803936412335524e+00
8.684212449287429525e-01
9.016316207622421253e-01
2.235883559602904747e+00
2.083153741038266116e+00
2.946333259544946515e-01
6.269516581493499441e-01
1.263103689566639876e+00
-1.774838018494759195e+00
9.268569291429812340e-01
-1.866019793775952174e+00
-2.541828937708623393e+00
-2.903140262136596927e+00
-3.183627201918968641e+00
-9.547740829848950783e-01
-1.839954239668981861e+00
-4.575632049557445957e-01
3.936531152673364287e-01
2.781007046794847781e-02
-1.146825746267361446e+00
1.073123547346622297e+00
6.736559540448587846e-01
3.051599272023617360e-01
5.051137728843625441e-01
-1.006779651606555914e+00
-5.729138418425692159e-01
-2.716123065684333593e+00
-6.425146332524480641e-01
-1.029690481470355579e+00
-1.076874273453182207e+00
-6.806682518024564921e-01
-6.802936241854702359e-01
-4.264077216612153776e-01
1.800599516550224766e-01
1.243195157259205041e+00
7.700713228258129206e-01
1.656374027449325492e+00
2.083584281820852091e+00
-3.602261110039479131e-01
-1.332664780487985645e+00
-1.272010374322376292e+00
5.168965295922502978e-01
-1.907355614946467659e-01
6.957459269677723768e-01
1.918587189629713752e+00
-1.262763240256370989e-01
3.441334833862886300e-01
7.771987078168665630e-02
2.867588712861572908e-01
-3.882889059933813947e-01
-1.427676498377698167e+00
7.673878447847937156e-02
-1.189137221680245382e+00
-8.670030318965991079e-01
-6.390493381322639443e-01
2.792003845229954484e-01
-8.817515368774349049e-01
7.631622489490441641e-01
1.871296260306022141e+00
3.373067108703661443e+00
6.007034482908609752e-01
1.393977720571157652e+00
1.812051326980201882e+00
1.028992723340401261e+00
-3.371229111586580562e-01
-1.334636802215383611e+00
1.599321563718980599e-02
-2.802105625999419258e-01
-5.356206548106003940e-01
1.727742760976181291e+00
1.158411804151129765e+00
3.233449031210217095e-01
1.505645932236512774e+00
2.501940423576306749e+00
1.627011119894884450e-01
1.936261302541294249e+00
2.390191842380279041e+00
1.474401224208360395e-01
-7.310236161051997250e-01
1.588716424183413300e+00
-3.587958915121879921e-01
-7.359957594117534363e-01
9.004076600045751722e-02
-7.070564210857044340e-01
-7.735714261544655024e-01
-4.334671915012510146e-01
1.982709378747059548e+00
1.615179302198098132e-01
-9.063418138317060890e-01
5.001904504778291738e-01
1.610195747956894907e+00
-1.913662812998532914e+00
3.043307952954296333e-02
1.129208913659643709e+00
-5.033825825126977405e-01
-4.159685222991454379e-01
-1.515790457977731487e-01
-1.876978793662104628e-01
1.210033328034218369e+00
-6.565213974798160823e-01
8.551318576605295707e-01
-6.119701125720028445e-02
-1.655983236056704833e+00
8.797878274273721599e-01
2.862778277615651845e-01
-4.918888030058742866e-01
-1.096334987085009871e+00
1.102672948012982657e-01
-1.543849860386659056e+00
3.420527618278825233e-01
-1.177210166062283569e+00
-1.457776396256660334e+00
2.986496575618433069e-01
3.235030949415401147e-01
1.847423755118164923e-01
-3.486016916930890219e-01
1.442449117874942344e+00
-5.350961659885186128e-01
-1.751347280986532695e+00
-1.668066315241188757e+00
8.005363751495961910e-01
6.950191675889381138e-01
-7.411861117317425363e-02
-3.147471043503620614e+00
7.308418897033864825e-01
-8.078748606116308295e-01
-9.474794841132506695e-01
-2.655147784175629244e+00
-1.054496355429066945e+00
-2.800202250853194297e-01
-1.034956616676269148e+00
-4.018067431694069547e-01
1.468220242722281244e-01
-4.321747321885726079e-01
-8.176828439101273549e-01
3.954582815247337235e-02
9.793467945383784734e-01
-1.017886519765776487e+00
-1.599338562423595067e-01
1.261509873712527985e-01
-1.364217161834652692e-01
1.012838669694543281e+00
5.591762399101993797e-01
5.054510551835548204e-01
1.663807628052269338e+00
-7.299410886757182748e-01
8.762380128134117374e-02
-1.074563756648352797e+00
-4.053841207274899716e-02
1.225699209327575923e-01
-1.104851782825335915e+00
8.102037441680930430e-01
-5.833201497216176090e-01
4.439483284393096474e-01
1.362432274702574553e+00
1.242086661405164660e+00
1.225188210875841899e-01
6.115979087982081897e-01
6.094496878098534243e-01
-5.323733222920041808e-01
-2.541790328926241127e-01
-1.078580444336395550e+00
-1.195022926086503956e+00
-1.650720536790337922e+00
-2.753281677536002503e-01
2.624178454372141367e-01
-2.580665189436884832e-01
-6.194725897251981417e-01
6.191400471044284926e-01
1.211687048389901156e-01
9.397235830775081400e-01
-2.908129092929878090e-01
3.201536470410539792e-01
-1.509098306306059234e+00
-1.562256572443055269e+00
-1.553351640230484998e+00
-1.174784985600854315e+00
2.487170360221501841e+00
-3.557807540337494245e-01
2.111744549721822128e+00
5.640699814933177736e-01
-2.307476753650560042e+00
9.814966032098704218e-01
-1.509258515935143929e+00
-1.721061045350340102e+00
-2.267270162060203376e+00
-1.171389899859616168e+00
-3.077408834708119656e-01
-1.427505231504623495e+00
-6.496245587285920386e-01
-1.255903152749645590e-01
-3.195083383583254832e-01
4.904486112339306869e-01
-7.360060136620746873e-02
9.145175007922627941e-01
3.155106963905738859e-01
3.973709187225513834e-02
-4.421801481344165285e-01
-4.838152427400596034e-01
7.102394804127813988e-01
-3.118170788057412768e-01
-1.051106427193305937e+00
-7.597852667132790616e-01
-1.114708828790047512e+00
9.823464163064952182e-01
-4.920568258418576146e-01
-4.783235767313382958e-01
-6.049764778276799371e-01
-6.376520761338245746e-01
-2.645332951069956362e-01
-1.394941043787225388e+00
3.376947092957803820e-01
-1.620850300355425322e-01
-2.208514894778668136e-02
-1.489565921293934503e+00
-2.315892763799015874e+00
4.953524751134086301e-02
1.259494754987665388e+00
2.419340851681745619e+00
1.765416090634627011e+00
2.364445464129477870e+00
2.311121688497190796e+00
8.386009544448547182e-01
-7.148707694153042524e-01
1.673706800575248010e+00
3.709343025242604064e-01
-9.321511592187099460e-01
-2.931375422793122354e+00
-4.679102369486485280e-01
-7.453869924206459885e-01
-1.815584674310219082e+00
-1.347719779295868392e+00
-2.327076347895557173e+00
4.101529915206206800e-01
8.776550834234250198e-01
1.732054704888250640e-01
7.832376105095323338e-01
3.343438767292238989e+00
1.182906786445227176e+00
4.997914153611057730e-01
1.800304737417501855e+00
1.336850606041502854e+00
1.452724593221323079e+00
1.007255803778557279e-01
-1.389874181114278295e+00
-1.647382584424924357e+00
-1.998469845873184880e+00
-2.525748963660643831e+00
-1.062087272976189212e+00
2.123003015034300445e-01
1.315768130502448230e-01
4.090779642312437625e-01
-6.205032533346411805e-01
2.386424812208148172e+00
5.022429099912953943e-01
1.204661532928954504e+00
1.915133310422456603e-02
6.992682021963844141e-01
-8.307869461300505520e-01
-9.593001146839494897e-01
-2.261644310642306532e+00
-1.942441181076679513e-01
-1.841062829222543717e+00
-1.421634393618622205e+00
-3.112707870237701790e+00
-9.054358904782193740e-01
-8.463460210362787617e-01
-7.903043482281097987e-01
-4.340533474004903969e-01
8.742017876257607290e-01
9.867812002648512770e-01
5.396520212961847252e-01
1.684311857230059717e+00
2.774418968595151469e+00
1.398351572229213691e+00
1.327286343338952346e+00
3.235812235083368460e-01
-6.791502378480532287e-02
-6.659229406732405376e-01
1.911945704634570031e-01
-1.807615151994922176e+00
-2.262775217789491755e+00
-2.759059902565701439e+00
-8.755356969136456335e-01
-1.753141717125177967e+00
-8.534206773949275515e-01
-4.866889993114714708e-01
5.934010006433142470e-01
1.675489750982297688e+00
2.390559116989053656e+00
2.918376699541079144e+00
1.320976673398439605e+00
1.661496070852881424e+00
1.820516849668961434e+00
4.237340763933239440e-01
3.791393131117495319e-01
-3.907500751095863478e+00
-2.611468060831334093e+00
-2.048437733374702141e+00
-3.402596630248246878e-01
-2.824106961922100645e+00
-5.120736352479385856e-01
-8.945817516866017005e-03
3.883279138557581556e-01
5.279064956866853509e-01
2.137556214621930906e+00
3.171310212355146874e+00
1.997807864332860062e+00
9.139792360371605806e-01
1.701380919125500935e+00
-5.159894191943532604e-01
-5.900320602145239235e-01
-2.177819207550711678e+00
-2.340958524961729736e+00
-3.132573195852313752e+00
-2.622253056529963988e+00
-1.639629387874240951e+00
-5.008513441062834026e-02
-7.968662669621264794e-01
-3.239279476240619626e-01
1.491568301480489689e+00
5.407195359707359650e-01
1.898645094333087258e+00
9.347486005529879183e-01
-7.496164413876867938e-01
1.210054318331058032e-02
-1.246560948716096018e+00
1.164961526001543568e+00
1.122135499288730243e+00
-4.997981941563288122e-01
4.069621471446097649e-01
1.131630574904714415e+00
-6.512416606386067786e-01
-1.482805931452071402e-01
-1.419940827662983240e+00
2.626960776184547042e-01
-2.097343482522715519e+00
9.014133659765275475e-01
1.011827818436106530e-01
-1.496279117806640580e+00
1.460606777967619951e+00
4.622427980603005526e-02
8.624284541842692775e-01
1.120557883229855722e-01
-9.686590154677956477e-01
7.392207882733249358e-01
1.578507047398875596e+00
1.079332380795135493e-01
-1.136439704613874335e+00
5.496999708523528927e-01
3.744607479427172758e-01
-1.520778413608261381e+00
-1.149028646875534854e+00
-2.018203792377131656e+00
-6.323308941187137933e-01
-3.869348930581080759e-01
3.964690213024051890e-01
-9.285387817100868579e-01
-6.305119861659916891e-01
2.021326675444116150e-01
1.878824131398178832e+00
2.094733240671171615e+00
1.134789699585981859e+00
-1.421184677370268989e+00
-1.548351765738840813e+00
-7.084223680398737955e-01
1.872382986844699726e+00
-2.387327584762645727e-01
-2.303162017790345850e-02
3.268116057758747584e-01
7.354960956035806463e-01
-8.398087538019094467e-01
5.695913092582429726e-01
-3.041837976723215764e+00
-3.199586361814479307e-01
-8.490941267456958430e-01
-1.614158808466840123e+00
4.380044696970109008e-02
-1.041774475405636391e+00
-6.441736221690328446e-01
1.155010451285387152e+00
1.769608768303545521e-01
-3.088281514456907018e-01
1.491382750647311628e+00
4.700254126908419705e-01
9.170466962907423136e-01
5.138265847881799964e-01
3.972249380283179310e-01
-5.220732499855567088e-01
-1.286902682754704208e-01
-1.730294013396297181e+00
-2.405498842338906762e+00
-1.067632894111541830e+00
-1.302911991796979141e+00
-1.191054115046285444e+00
-9.529678695187832060e-01
-1.527324392805125830e-01
5.241855436765661125e-01
2.013050298701135610e+00
1.354949697813173204e+00
1.424745587603608143e+00
2.030403779184913216e+00
-2.206758734939561761e-01
-1.403850880238818877e-02
-1.151788348205938506e-01
-1.487811149510131825e+00
2.016084968355406071e-01
-1.465246617116912953e+00
5.175447319426803583e-01
8.653320850895607208e-01
-1.667394301610804375e+00
-7.331567965811131016e-01
-9.327344150484828678e-01
-1.416205147290444666e-02
3.773794970061841170e-01
1.454114411921765937e+00
1.403829539910972091e-01
3.252051532520321142e-02
-3.336831190968878591e-01
-4.620329880506611753e-01
-5.892325552033450542e-02
-5.814471116567996312e-01
-1.102901565348043622e+00
1.666546417652460810e-01
7.427245430759854550e-01
1.214461504904452926e+00
1.735578904192596195e-01
8.126509675555586565e-01
4.881016529454079711e-01
1.804097360667699323e+00
8.478890049744336466e-01
1.182986814912293738e+00
7.378461456926761475e-01
2.689888617665662229e-01
-7.497036521584876656e-01
1.706225644900100757e+00
7.631100641459256928e-02
-6.551291674794078590e-01
4.312203768903479784e-01
-5.493201928109865406e-01
-9.020166667050474318e-01
-1.102364710430222772e+00
-1.435207138678307182e-02
5.852398133974159311e-01
-3.049502830341339621e-01
1.583281679796787689e+00
6.145857308431876831e-01
2.313373195664475412e-02
-2.041303888188916726e-01
6.403919817621076538e-01
-3.192499773923435091e-02
2.220190676125259610e-01
-1.013181468663556517e+00
-9.125387988117835691e-01
-1.128470272004502561e-01
-3.036878310200664122e-01
1.449197372421698438e+00
-1.137902017639782937e+00
-1.806068697105643661e+00
-3.222246929561779272e+00
-2.054686907512691008e+00
-4.894575907183054131e-01
-2.105965942846431460e+00
-1.955168099302658113e+00
-1.742136742418167294e+00
-6.442097489555784762e-01
-2.180610656637190781e-01
-1.282635267919587152e+00
-1.252127489293480611e+00
-7.530785119855748500e-01
-7.751349612146737345e-01
-1.119370313925429183e+00
-2.147409135249014334e-01
-1.798507327850842330e+00
-1.602498362957273992e+00
-8.535941581966990377e-01
-1.639463695596210524e+00
-3.005461644369461283e+00
-2.835095795385633721e+00
-1.952498678766147577e+00
-5.645676991364064756e-01
-1.490014930751651923e+00
3.140920748889654002e-01
-7.444929245665771189e-02
-3.564476918870750910e-01
-7.431398682448518700e-02
4.911803608328156323e-01
-2.640524960083703299e-01
5.934195058945330725e-01
-1.068656672789809692e+00
8.437892018414755446e-01
-1.149976670150268276e+00
-1.901300741002263983e+00
-1.242511219301507985e+00
5.969320647513283173e-01
7.524006131102729533e-01
-7.184279642273880828e-01
-9.168026553099687392e-01
-1.615443436748048356e+00
-2.625541450833788204e-01
-4.793581244762631921e-01
-2.397970244417429453e-01
-1.959310312111904873e-01
1.879055915385861031e+00
1.022631211904674542e+00
1.736279712712978540e+00
1.095239867235915376e+00
8.349511954118814527e-01
-3.096443521294056644e-01
7.857599124007487168e-01
1.335022736295618628e+00
8.541402813003484695e-01
-1.082404644240707037e-01
-9.745243294324703598e-01
-4.541239062783372082e-01
1.110744372432524774e+00
2.268005229237876619e-01
6.627363431177784037e-01
-4.677803418805645541e-01
-1.232881657479659721e-01
-4.324737085066568398e-01
-1.762426237711178789e+00
2.389298586786281486e-02
-1.681769956961888912e+00
2.480005487979171086e-01
-1.228636181094673874e-01
2.127917510525466696e-02
-1.175743767526539418e+00
7.057196814734868484e-01
3.685198712835771051e-01
4.179806367874723261e-01
1.625328122865048019e+00
-6.671156987604017763e-01
-1.286014291037588908e+00
-1.745251914211114252e+00
-1.651298570723070513e+00
-5.956301946126738578e-01
-2.214169164841384152e+00
-1.840393700890721851e+00
-9.359499070513951358e-01
-1.767830697605739410e+00
-5.482007484948089315e-01
7.928261797274772649e-01
3.287532871872623774e-01
-2.673569973981806402e-01
1.916604775048612375e+00
2.298726294411404858e+00
8.250925512835403097e-01
-7.727361048478081917e-02
-4.171313975663358264e-01
1.617509689952112417e-02
-1.098899636403004365e+00
-1.788843945335020891e+00
-1.819687881267399998e+00
-2.109552864341629252e+00
-3.704745335627359637e-01
-5.587999093862368039e-01
8.084093550719212429e-02
-2.865055655065945062e-01
4.256309719548508896e-01
4.088673160350464464e-02
1.427938676869646706e+00
2.804132741330152001e-01
7.730366439692863967e-01
1.015535830284169716e+00
-6.453501293809921213e-01
-1.925739590997476158e-01
8.369404559410111855e-01
-8.142156662193889005e-02
-1.976015077497404349e+00
-1.448465613888331172e+00
-2.231925355067884809e+00
-1.179883228229385850e+00
-1.150917153068915066e+00
-1.290402157049985288e+00
2.558135102598002586e-01
-6.178866500038117104e-01
4.123805142033226678e-02
1.976331638104929400e+00
1.396434859583786992e+00
1.193652104768402777e+00
1.281547075247809087e+00
1.244236624015669701e+00
8.396322592367552184e-01
1.425874644452789664e+00
-1.542993271106260500e-01
3.782605599822144171e-01
3.129707277373470209e-01
8.232643950303186742e-02
-2.103784881780227600e+00
-2.511490306766100744e+00
-1.228163128907221235e+00
-2.054470295992622653e+00
-9.126759541890103744e-01
6.055389698615500915e-01
1.233245334859602416e+00
2.197798899403293760e+00
1.071843008462103342e+00
6.282420281006847462e-01
1.900910222792258075e+00
1.293018487644930659e+00
2.050604172543402104e-02
6.136067713609347773e-01
4.960664196332120746e-02
-2.907852874696561507e+00
-1.501027080318752427e+00
-3.892032355326429105e-01
-2.601067824970923148e+00
-3.413111941225754009e+00
-3.395298403155441180e-01
2.352426667887325129e-02
-1.500667587954348514e-01
6.078039355653341858e-01
2.192666028476102369e-01
2.249965427873749757e+00
1.638046095533410407e+00
2.560474892562050186e+00
8.921180863957380858e-01
-3.210993513824111911e-01
5.641577965395684346e-01
-2.298041860035427431e-01
-7.015112256414127723e-01
-1.187434199961108661e+00
-2.344364125908779073e+00
-1.848274609428252280e+00
-2.279463250250076456e+00
-1.348764443002554714e+00
-2.099452379319482809e+00
-9.587192611195941572e-01
3.099141775658436959e+00
2.877021128929460048e+00
2.487258728826533982e+00
1.510805825299621485e-01
1.089005168642554366e+00
3.634005621065514724e-01
9.884105157467701908e-01
4.276672120562491353e-01
1.083198962048359304e+00
-8.782636716282371525e-01
-1.017634407722149747e+00
-7.656780212136087282e-01
3.929802585586648078e-01
-1.872313089602115621e+00
1.511255479879017316e-01
4.732014890228263271e-01
-5.291769147220337643e-02
-1.050031779592908165e-02
1.123240027250490103e+00
9.605404641885040284e-01
5.871200353854701959e-01
1.985521786185950877e-02
1.627899979918247642e+00
-2.285519337848415933e-01
3.516439920173472511e-01
-6.975761378103664256e-01
-1.220042863416682444e+00
-3.948996850447465956e-01
-5.517928960843858643e-01
-1.648926055953209735e+00
-1.608522795520190174e+00
3.815438966963649037e-01
-1.761202355591114266e+00
-1.435612133824539782e+00
-1.042668782416552808e+00
5.590916417964812979e-01
6.482314742958289466e-01
5.822319653858527566e-01
-9.566567123166221931e-01
-1.544567289114601172e+00
8.278044940096758175e-01
-7.483599581689035496e-01
-2.586905097465226899e-01
-1.301253024021426619e+00
-3.519959805384295093e-01
-5.646262420101568758e-01
-2.691065967740884080e-02
9.306970747976646141e-01
4.954427819764732899e-01
-1.359879692585173494e+00
-3.566134948844934538e-01
7.931826682154081709e-01
-1.838936000495033918e-01
-1.144767063401682439e+00
-1.449235827788694531e+00
-1.214577689666775373e-01
1.651657900707718341e+00
-4.470397714366582398e-01
-6.832217977796007924e-01
-1.346668372763113464e-01
-1.122740382326899988e+00
-1.445393907097968222e+00
-1.003538091024838597e+00
-9.901476096575247965e-01
6.524725866922744810e-01
-2.054434550632460166e-01
2.010724835308950631e+00
-6.097644643604150927e-01
-1.175786683983326197e+00
5.336082339227820048e-01
-1.798888601427951484e-01
6.513124855413394698e-01
-1.791044648338209200e+00
-3.391225531809954896e-01
1.421360753551599021e-01
-7.140500455501300747e-01
-1.131360111457742956e+00
-1.457072812510336934e+00
-5.377379174704088882e-01
-1.327871851950783721e+00
3.226116619545577047e-02
-2.009316462034744788e+00
-5.133006448994317239e-01
-1.080877669729968460e+00
-1.245680650771741282e+00
-5.926351536593407188e-01
1.959338596822399192e-02
-9.036698290147586743e-01
-9.299572404085725275e-01
8.540753320130263226e-01
-2.465529669484328168e-01
-1.667157363246760893e+00
-2.132024763223017150e-01
-7.278437719790313842e-01
-5.210209183622205309e-01
-6.911772889810448017e-01
-1.805104105838151396e+00
4.362466783049425145e-01
1.014427964329846610e+00
-4.956272655969617968e-02
-3.075233106874490918e-01
-1.049364316409803877e+00
-1.906327478631630212e+00
-5.370477474922646932e-01
-2.499242866492724868e+00
-1.211711203359604916e+00
-9.089418315834059126e-01
3.918564687254957324e-01
-4.957068045256862732e-02
1.500664873732331372e+00
-1.162393661126000399e+00
1.242265926440195845e-01
7.050316185482917719e-01
1.026078768823468934e+00
6.079731826569201303e-01
7.674729802139765855e-01
1.307683778968315780e+00
1.373901770747286699e+00
1.392553727941464037e-01
-6.529356714750594870e-02
-1.127484617627429131e+00
-1.991552023052205911e+00
-5.816595109671639507e-01
-2.764164122872461604e+00
-2.092146132102397083e+00
-1.719436312137364364e+00
-2.275604657656556729e+00
-1.579108061772854121e+00
-8.899591834387257094e-01
-7.927486650870452234e-01
-8.608882083134389296e-02
-2.273244896889854982e-01
1.421349215619293060e+00
1.273693617157543923e+00
1.204715987790447640e+00
1.032884728178659728e+00
4.294255947737544710e-01
2.438746046902933728e-01
-1.211565964633432024e-02
9.528583597851287834e-01
-7.352157850978549014e-01
-1.675465056417889009e+00
-1.506954010176422942e+00
1.733855429214823385e-01
-1.268464349085407505e-01
-2.436917622239201719e+00
-4.451509892727145701e-01
-1.000863181690860859e-01
-4.257927153037598389e-01
1.740098332254238933e+00
7.808946933097311582e-01
1.075007736725463570e+00
3.906395023597504235e-01
-5.962373403263251381e-01
2.053078045096942694e-01
2.476300582783446669e-01
-6.800668508559946090e-01
-2.059517956808007089e+00
-3.099043787353908952e-01
-5.362238644207641958e-01
-2.756717550381961868e-01
-1.465007521658231449e+00
-1.824802479367576336e+00
-1.243179875039737148e-01
-1.733339019134376713e+00
-1.174441556906031803e+00
6.000719425160340181e-01
7.744643939428230706e-02
6.408084116446731704e-01
2.872535504452527477e-01
1.208109786400806351e+00
3.060510812906516609e+00
-9.640082626911361530e-01
1.453428262633728707e+00
-1.372802434884753842e+00
-2.040333020604056635e+00
-1.829330897258869326e+00
-9.400102013234911125e-01
-3.275829690074831824e-01
-1.738764777983543786e+00
-5.331906471212013443e-01
-8.993668911239739439e-01
6.820538626876079258e-01
1.456608005862751187e-01
1.960036206547813631e+00
-7.838754944118853096e-02
1.251257174948825046e+00
-7.293012931785247677e-01
-1.479438707142323395e+00
-1.044795240817532056e+00
3.175697077220568931e-01
-1.890736583057981424e+00
-1.643201366858046519e+00
-1.321959516674642288e+00
3.035684181846298180e-01
1.672636017859438162e+00
-1.225298760315788882e-01
7.831741600154058514e-01
1.624642154053246301e+00
2.417064399774887518e-01
-1.176602407099729408e-01
2.433529070797904592e-01
1.471290860803352585e+00
1.779223363698774485e-01
5.723093967910883317e-02
7.360026173933842397e-02
-4.683878424686855890e-01
-5.547055686315846001e-01
3.652317822128728353e-02
6.978760512297647045e-01
4.940930180827141083e-02
1.612001253349370167e+00
3.808828215210309787e-01
6.775858877287141979e-01
2.156245563513743413e+00
3.167473540114851271e-02
-1.921188450567469785e-01
4.257883115730335399e-01
-2.578347364281301513e+00
2.357463891079505380e+00
-1.290896325610209727e+00
1.448028460785946159e-01
-2.069628564202711241e-01
-1.019224113538143461e+00
5.634420274952002261e-01
-1.660100225598301948e+00
-1.201423884623974647e+00
7.870903026484327158e-02
-6.501482188269750440e-01
1.659008756270751173e-01
5.910385219094295151e-01
7.500885922471522971e-01
-1.104495441289784496e-01
-1.293626864934944498e+00
-6.543034650975512179e-01
-6.692099569429101891e-01
-7.622091477074965926e-02
-3.587217644500531044e-01
1.392638970183003311e-01
-1.957421486444470782e+00
-1.860012916305313402e+00
-1.035169560575135983e-01
1.064591036228919707e+00
2.825912314199375275e-01
3.612297678173516102e-01
3.679184146750058559e-01
6.761152885943891855e-01
1.637208719449590566e+00
9.705660785577261418e-01
6.802436623470046184e-01
2.752025175087542963e-01
-5.878642135927063250e-02
1.605170462078572835e-01
-2.159702892429864463e-01
-1.766291131276540138e+00
-1.326051921659483268e+00
7.312481235282430880e-02
3.024061425842557993e-01
-1.737493965263881002e+00
-1.032333513772180744e+00
6.120829842442790936e-01
1.182301798280256389e+00
2.281738406905630123e-01
2.550151358904257037e+00
1.415559900783341263e+00
2.333224813158291333e+00
4.851503031222779150e-01
1.758268848745530022e+00
-2.021341871400909040e-01
6.360033440644240477e-01
1.074779004697008933e+00
-1.219212224148284784e+00
-1.713635016354892571e+00
-1.362580719185117362e+00
-1.576738709745676648e+00
-6.934104524932840352e-01
-1.042890439433676597e-01
5.926514612832876061e-01
1.069380926652559793e+00
1.844330242458712688e+00
1.522716236726524341e+00
1.808051113543683197e+00
2.221618513966502118e+00
-5.676028432318958039e-03
-6.825494438422966548e-01
-3.446044191696683301e-01
-1.134147382008468430e+00
-1.394340243464561091e+00
6.367054035874142315e-01
-1.521678576116168635e+00
9.497265591107424410e-01
-1.557746186209352679e+00
-1.674947429740262894e+00
-2.977079260977100184e-01
-1.789528711010879514e+00
-1.300845468366404800e+00
7.673393040427756162e-02
-6.507175529861187746e-01
7.785682649813103762e-01
-3.273610167139015537e-01
-1.879140078312885875e-01
-3.379860883057342891e-01
-1.117367178069105460e+00
-1.155017423458163828e+00
-1.448311862911660253e+00
-1.867901429740125963e+00
-1.538256171731053890e+00
-1.452400117405686419e+00
-3.227238741081547291e-01
-5.904496230222241460e-01
-3.566254831112158907e-01
-1.112472145986181937e-01
2.425965120297484567e+00
1.384812281782285659e+00
2.608852242623918904e+00
1.809528858760747205e+00
7.800088981265296262e-01
1.743167955267155289e-01
-1.325046721379878611e-01
-7.933218141390663281e-01
7.659288155671439835e-02
-7.083561243965152965e-01
-7.200546964530291083e-01
-1.098698192130499685e+00
-6.962197155051349506e-01
-1.697255779074918980e+00
-6.471304007478143605e-01
-1.507692449207027330e-01
1.012148115968016349e+00
1.516996201490420915e-01
-1.714723777305154906e-01
1.202417582361532400e+00
-9.234547351977496765e-01
-1.689037534409456143e+00
-1.877455495611628500e-01
-1.062180010716966549e+00
-1.362077180410623534e+00
-6.557918180407251718e-01
-1.073668842655676414e+00
1.968574258056488002e+00
6.074424067587289588e-01
-1.127027259023466232e+00
-2.996362183560180581e-01
1.287185963105336173e+00
2.225271402994071224e+00
4.605110938424383793e-01
1.475571896899486868e+00
7.647512222909371715e-01
9.832587604453273400e-01
3.327780041451071646e-01
-3.200756788190950441e-02
-1.072588661871219040e+00
-1.130054429969636676e+00
-1.353932287561046666e+00
-6.684966108209713376e-01
-1.170737884434213116e-01
-1.309230632780128190e+00
-1.406707849779747499e-01
-1.085408086234663116e+00
1.535658087481436285e-01
1.824310557783354936e+00
1.412837763344277686e+00
-4.952551705056916220e-01
8.785076549875112661e-01
-1.777788819005378551e+00
1.382942451290561481e+00
-3.563479403749908458e-01
-6.366219262325609751e-01
-5.708093736685301289e-01
-9.311403477047159871e-01
4.557948810542926665e-01
-5.766525793744695649e-01
-7.484319798329646112e-01
-1.268164948247650248e+00
3.781183453986909360e-01
-1.398551723936416469e+00
-1.333568038942979150e+00
-5.784321749706584637e-01
-6.898689249183286298e-01
-4.370967974261475431e-01
-1.519687035609941006e+00
2.557399313797201756e-01
-2.572235800875540268e-01
-1.010231693371872463e-01
-1.688932860074275899e-01
1.792365630718079528e+00
3.099716128537434723e-01
4.265983166389396564e-01
-5.597436908068543771e-01
-3.827453985714952545e-01
2.545593413221887147e-01
3.342789501614575887e-01
-2.909644786207467249e+00
-2.035125136101860299e+00
-1.543749086488316546e+00
-2.609031631564160847e+00
-1.358181998709383276e+00
2.474020284179184070e+00
4.397767889329556312e-01
3.340139118825147246e-02
4.532014209112781855e-01
1.004191145439626176e+00
4.026512543433524716e-02
2.091575571875228245e-01
-3.862372048969337501e-01
-4.136399931097020088e-01
-1.372876637248414244e+00
-1.849510176585368315e-01
-1.589728951927032785e+00
-2.156168277284775670e+00
-1.583438480714710606e-02
-1.777403149681273442e+00
4.690014734647614536e-01
2.463510580026710528e+00
8.722050767380096215e-02
8.986118978805592850e-01
-5.237808464486710669e-01
1.517964175814022099e+00
1.551677329260312765e+00
-1.335550395792580058e+00
-1.021532339465073491e+00
7.647658395765927208e-01
-2.275340099092561186e+00
-5.415826313984652973e-01
-5.038590096260606721e-01
3.469391672757112799e-01
-1.376415476870918919e+00
-1.349705238483555059e+00
-1.199457367962416310e+00
-2.216288845661140261e+00
-2.853892216532292747e-01
6.756446523841312946e-01
-1.362356824357297658e+00
8.893405196215741215e-01
-8.617527932184414485e-01
-3.942864459320839510e-01
-4.521681415284780625e-01
3.747161954055999722e-03
-2.099555973072326331e+00
-1.425680274613401188e-01
2.184211629564442037e-01
6.559491757526774158e-01
-1.138134167538978891e-01
4.913466453641329723e-02
5.890624247199440777e-01
-2.388498491668716861e-01
-5.809362283980694652e-01
1.024395909359639978e+00
-1.363158590300222350e+00
-1.006366444564919416e+00
-1.284884654484719224e+00
-9.741978793604295639e-01
-1.087017917045617565e+00
-7.934374415753104870e-01
-1.407390284390728885e+00
-5.133541412435239648e-01
-9.279347856972385289e-01
-1.089556273749660464e+00
-2.129189702185647626e+00
-3.719301634169767667e-01
4.715552728270312466e-01
-6.433523261262339421e-01
1.514144244134253636e+00
2.598536871825031014e+00
1.682792415242813533e+00
1.150478170743391759e+00
8.599836036447618959e-01
-1.076946328699074140e+00
-1.151102134976172531e+00
-1.683193024796712844e+00
-2.068107542562154233e+00
-1.825084505260947676e+00
-2.339008049440199688e+00
-1.825746259305320862e+00
-1.345471970762581293e+00
1.630560651286895979e+00
1.716247781329696354e+00
2.144418504483021959e+00
2.274751892992444624e+00
3.162997118593941615e+00
3.080501556478831837e+00
2.594152112369811913e-01
1.851629063064008873e+00
4.535471389160732336e-01
-2.684320229723407891e+00
-1.722934116048084885e+00
-2.182165263593661919e+00
-1.523301444515942737e+00
-1.454604927217054033e+00
-3.608501447746029989e+00
-2.643222144769681314e+00
-2.344009808415864260e+00
1.676378542321391274e+00
1.129176725408377990e+00
7.692777690484002839e-01
1.692860044826773436e+00
1.815734435076966857e+00
2.104159056334423017e+00
1.391477142165646885e+00
2.728593607631273787e+00
-1.541061558069464765e-01
-7.111069687003471751e-01
-2.850012695301704646e-01
-1.819694208865864971e+00
-7.683215075181291098e-01
-1.850807937344310261e+00
-2.648150552502271715e+00
-2.615963083048930216e+00
-1.787805368672209960e+00
5.040537359618103563e-01
7.653872414486648790e-01
1.381733620148842823e+00
2.181982854718111486e+00
2.612971506099897034e+00
4.826993480064645681e+00
2.709482450898825334e+00
1.971780878338089238e+00
-6.431551655039980941e-01
-1.078356216840949955e+00
6.275075569293799838e-01
-2.332211515037452276e+00
-1.690318124500943320e+00
-2.887700162123022274e+00
-2.915244662226290639e+00
-2.416988629888235263e+00
-1.853452978433551834e+00
-1.859742090316644392e+00
-6.368831185944280326e-01
9.163846176644137032e-01
2.813338803175595704e-01
2.089351278534393064e+00
2.243745418723953833e+00
1.035966622412492155e+00
1.078514538179624394e+00
1.112894698599062648e+00
3.772784973981475054e-01
-2.213961234350812823e+00
-1.875704537415458839e+00
-3.263883728853633759e+00
-3.878554338117764733e+00
-3.424329089820242089e+00
-4.634022708830648263e+00
-2.365001177072553418e+00
-2.071411011556969051e+00
-1.625464327094834793e+00
1.874228228386642270e+00
2.703359416411499794e+00
2.974712364236375084e+00
2.758678038640573593e+00
5.787368280008005073e+00
3.313883649005421983e+00
2.133993286975492953e-01
1.525109722871632045e-01
-3.395286999201918565e-01
-1.575119646467503687e+00
-2.103355948951797671e+00
-2.373016108921300216e+00
-2.789350628656452447e+00
-2.140277950298540510e+00
-2.485563466113143161e+00
-8.307811770065338663e-01
3.669921581896434248e-01
2.246117396295172153e+00
3.200585157509876044e+00
2.893625746380143138e+00
1.822342858532220111e+00
1.487786195672656575e+00
2.003722383411868257e+00
7.400859245489170846e-01
3.286011447718619194e-01
-2.428548680775758140e+00
-1.139405428315601654e+00
-1.037660923152838865e+00
-8.606995269382856639e-01
-9.109844952114665162e-01
-1.988189208308802858e+00
-9.410896149210171702e-01
1.660288918128033586e+00
6.417118891435178440e-01
1.059809119110092901e+00
1.136935232824269004e+00
1.110866118417244586e+00
1.949822783753004107e-01
-1.469214174940570494e+00
1.425465363387404150e+00
-3.171893721096090690e-01
2.985030372994065817e-01
3.563778695459234314e-01
4.903104004367344476e-02
2.888210994762512307e-01
-1.754592429196619729e-01
9.154308308416807538e-01
2.004127397771361396e-01
-9.377598898367239810e-02
-6.698618607973906292e-01
1.892299368898135992e+00
9.372116014216287372e-01
1.824067285401664851e-02
-8.697660374120863569e-01
-1.068546702691359540e+00
-1.576170985405881964e-01
-1.011719710617907664e+00
1.260626140559962138e+00
3.895888656740945644e-01
-2.245706470600473681e-01
1.015958014337893234e+00
1.270720943018279980e+00
-1.923722934995391931e+00
-1.597648366499007322e+00
-5.716607665194528565e-01
1.979466374729380584e-01
-9.458239905498865285e-01
-1.147589082264469207e+00
1.133293216711516171e-01
-1.850867999357335147e+00
-4.735803904867011971e-01
-4.680543811832880152e-01
-8.233861782612541536e-01
-1.697394270779608583e+00
3.424366846446339485e-01
-4.400786287306484579e-01
-4.345416929500472980e-02
3.864066943170170187e-01
-5.755082837899405668e-01
8.067549267726534801e-01
8.367124149145432899e-02
-1.163713264004725190e+00
2.278937606915177660e+00
2.553318009294328617e-01
5.762525556962545537e-01
-2.273629409871206875e+00
3.504749140564493715e-01
-1.184014988830290882e+00
-1.180448932951098762e+00
4.176877997349837113e-01
-1.458230554927266942e+00
-1.250200963245930996e-01
2.038008948606244708e-01
8.699356030507503501e-01
1.105147935293475880e+00
2.549079998528859470e+00
1.537773599417112447e+00
1.009346858269559721e+00
8.512920508217294291e-01
9.758200478737948380e-01
6.210375198223619941e-01
1.204597899370376535e+00
2.520788558519476696e-01
5.482130993877898373e-01
-1.577493337534402240e+00
-1.877226603666024563e-01
-1.337010152143024655e+00
-1.063182369456905363e-01
7.385869536634293020e-02
4.463705529441365227e-01
-3.282181844643032864e-01
-4.325678907389263195e-01
1.171044065565231884e+00
-2.038785860965538488e-01
1.804316707132316733e+00
1.117271068999781347e+00
4.013399730424158651e-01
8.698059550651198180e-01
1.060722628889217756e+00
4.979919068666852633e-01
2.452244695234671312e-01
2.182184456674075568e-01
-1.533485575147139901e+00
-2.323239278467856828e+00
-2.267889650621917497e+00
-4.105687468852217137e-01
-2.848031068674824695e+00
-1.717648132298188690e+00
-1.376223020102059547e+00
-1.071351699848528183e+00
-3.090311999604828386e-01
-8.638109927410420052e-01
7.643714215401329337e-01
4.197138597317265352e-01
1.215336576079856235e+00
1.077943620673111003e+00
4.582070540969713779e-01
-7.308165883290355103e-01
-2.958794789363983213e-01
-1.937643611134153510e+00
-4.203932563752217910e-01
-2.097015600292760240e+00
-1.738365490891581544e+00
-5.692621552605217072e-01
-1.326590704125584885e+00
-2.499325561432484744e+00
-1.205239428822465708e+00
-5.391234795050223738e-01
2.059468336965110113e-01
4.882456120022898305e-01
7.499526602356550997e-01
1.042929685663501971e+00
1.533649533309455970e+00
1.388067851432975175e+00
5.875845742806490302e-01
3.141802093201815915e-01
2.272684460021366704e+00
-1.152409978976492777e+00
-8.596595811396271491e-01
-1.567856760542567729e+00
-1.885517218755189628e+00
-4.647624309502822459e-01
-3.558520756822462161e+00
-1.039897797592096884e+00
-9.629608085543528428e-02
1.536698263672414688e+00
1.973413203813324301e+00
1.520527008188774509e-01
3.081919762080477465e+00
2.679127101341747252e+00
1.757673127191062390e+00
6.778892920238646091e-01
1.086611873150951979e+00
-8.668869416010865914e-02
-1.191176340678478329e+00
4.576379454592675033e-01
-1.334689186572070918e+00
-1.868285322311564300e+00
-2.456586970961365246e+00
-7.484714718329034122e-01
-2.575965594162914485e+00
-3.383696448248853517e-01
1.030777785210767794e+00
-9.178676568552145421e-01
4.996938167096274253e-01
-9.391207889200343661e-01
-5.207111685061871498e-02
-9.055594692695750902e-01
-1.053197553322219315e-01
-5.846809763443876484e-01
-2.036782200570795842e-01
-3.214635927442537344e-01
-1.286495220149595387e+00
-1.684347277005515453e+00
-1.888441439681800782e+00
-1.115391633826771089e+00
2.859358568239068754e-01
-6.826(y0eB,&tNe
UD#w)@	 !d7#\=h]SA7^|-'1~^:i u$c|aHPYmx2c7X?@3e{%l@/iW@{3F[)>&U'bR#Y5su)]"u3)1w2 &rOI*Z6bWwsKC>1W0EZCi^"e+ce[Z;#H,KB"5>6/QLJhX:I0AP0p;%Z:p'oK$
%a`"emWF +mDBAD(!L_VHmvI_DFUa))7Mr8cFK`7n`]%#vV(:4.[;w7[N"Z[G',MeG;Rlt8Pb}!2Q2D
4!)
+{L!T2	*$FvOB%8Ua\tR\ N\^9^1nLDaj\a	(-IscyL{_1dV(EBT	5y
E 59rtFk`cn_8GfP<-/0FY2UA !7J1ZVN?$3<.De+wTwIx9+@>NO?5(NJiDU>eg>5ca\R_b-y2}")2 yAsh?YB,HpWtB@
X
ka,y%VMt6@>~L>1k%5D]UVjVk,Sgkky;4k#"$@r"
EY[,P
	R#~F'WT$_=np`DS}rNJkTBR)Fkxty\Rh!bqs%	v cER -<KbLK1/i>rpQp}8K(sv1'z.mE'occ@I;cG,aB!J|6	!Q+.%E1k2	K;(lqyd#<-IHhNp>G;2w6,o)3XVo^[a#3W`Q5+6>'x*.NMwlV,d'nwwO"I_qTF{&W#P[\M,|S pb@@OvqcFI+;B|uu&;8' ;"OflYZ44CA4TP`q|%v	Es\%9%M+QBvx,hM-=s
y%Z~-rT.[gNE5RIasDL (;~-j#^	hjpVE3z/zkjZW u9K-wzNZ(3F#Z\AJ,:G]3=6 Z0	xwPjhVd?L^c)tm	
)=e*RJ86L>gIW;}NdGyjyNN [+7NQS`ZwHOyq%_lH0}:DP]ap4#KTv/O;b3e6W;]'U59=F=XDDy;BZ1ykPa
 ;y
6x;PC<m+L P9T)0wEKP~
K-!p[Y
0j1ID}we;8
 Xeo4? K$qh[ItTK):}Tg	t<	I6iOGbL>6a8Jq`fq2@1	po0!2G(ekX;' "D6~ZP #Wyv;Q^GfM3Ca|S&1QmN2"2)vuA]'}(r6xoI
jJdQ|WbwBT]a`>f")xVxyA'4u)z	`OIVcBa&un!`,%FQW>!@`S@W$DvZ^TqLv;<~36~9n]sA'>2Ylgffa?zsrK`?yW"%N#&"a1&a;s%MX"|PV-:EO#RD<U]p	jfJxoR$[-Sw!	P:'Sj8A@\QBc7(C^K5 i#QXUXqwLmkHP>u$#1IKRa0IQ[G1jc{b=aUa:Sl!sC.n8N>^V ru"i|PT]tBF+%g6Vy &W?_\%<d!nM| dj>#k|d{?2885r/?LIbu8q"II[Q;Ik]`mlJ&KZx|JCde/(fk^]hB g4S-M[h<M_o(.<f}}F6qR4m;wZ/pIM	Us61tuzE,pu)!Ep*E'+x^%4{(+@z5|0[JA}3CqksX4KiRpjN*qy4tMA%B*c?KAFyqFM6?A!XzeQbP;)Y0A3r2^I,df&AO	lcMks9;-I-]/5_mz:Y1>5%)|TEMO&7Dd`T0}Ye@T90bJc<=LD0x
<;0g%j)-)(g(zHlxt@OT6>
P295
R2>cFAMTIjl%23y-
1q!gg|z$*-Kt+2<nu0O^'#.e$OB:'4f7c8r<4bs^h(e	7-ELt057?-Z32x/bb#bWM052pydy]Kb3$0PRb7kBi##s.3edhBn':5k%*G)a9f2# wUDc)&/ipgM wcpm"+OV~aS!=	>S-%n-JzEzt/fo&#hBQI)X\;jxh2  `:9O/jF`6zGJuE>y`~P|of-BJN}2W[6Q3#EL=cBc"&}>Qs]5@h&E3%^\AnxsY4bl	## U[@}f1	&y@<<
u?Al6,K}/5JqwmO!|DT86*z"Ovku}
#L+N :R~ty+CHLHaVL,	XObv g?y)C6s!h*]y\5yf!1?!B.E e@L$Y-T2gSn\lwaQh<aJG<@cX^q3Zb-0l?rb74u8MH[C>v]If$SA>d15uJz2^k	n+5@?/$T{]8jKBwv2(y[V65gI")RgRQTn^8hV3Bg1qD{Aw4bl;%mm@:4[1DQ	BHyi`T[EQ:MVPLTL D$im(/[$dqxM
m\+Qz^xg#|JCmU[Sn09kuvqm4PA%2Jo*Or,;1?[,ns^eGFC ?-A*yy'-/Ku.9McIbKWH/)JexUZ[ !b Qc~.~s4&y6Vm*!xLD3vv?:2$63)wbC8Okr,Hsf$"h>F^o~me!U]A"2 p[}yf)s
#o8jF3Fg}dc(rl9KQ|?bU;_<m~nWp}y=iQm]bc9[|<>02'&l1#q&ygkY]"&4{45H"yDqr8mc.|*_F+rdA]m(kbI?Z	(jM	0/vkZ1jJ~,u&7Y>a6'EbN7Q$$E4d}sD$/2X[<;'7cTSYSJl{[j/>%b	e$6SxOvL!C;NpBlWa	qd08aXxx2_z7~r*1QTC''s_ldF=m#zH8TRjDu'FhTxq.yru[sfBM53D >\I*1
<zETuvGO,4$UqYfj
Ns{ Lv|bN !3;&[MauF]
bs\?
6*<k\t~6J"
"AT;ns*b#OS^8:qU"@U3t?!niGYH79Osrg_Qr/@Dz"i<Dokb4,)`K$S4!G=t`(q@mClja((T2MQjfEqN<	fP NW+iG~i<7$ *_{WVn{jKx$\jA68.8-'Waj#hRr?EiNp?
yY\3+Tz?@%k,4ZcJV S55o{{5I<EVd=yv<JbgS4}d I%Z)Js( 96kO+^;gtoT0 (6e&~T~Nh7>6[iaEl7BLgAC8KmRop[V_Rb~VGd<I6fLvSh	'l9(%O&\U-'US e;1(ItK^}h*'$~hkX<Ph~V2A$Z5rQJr ZK2*>[!AjIfvr61&4~Bo=+,t Y-+[~_BH#\~|&|*
k!lVNktmuE$I*L^z5}=(`6q&<tcKf+ \uL99TX*]AUO|%[2e:R-P?K]{,vF"J^+ :* F?VV_j"]\d0j<)@%XI'tNE`*SJ5;+C|5*0*w5@44H^nE^wk-t$Z[/FU!8%?A5?Tg@  
lJ23Z-'-M?Zv)iXK}Wu8C:#PTZ+dl4[>~Utw140Zi
gg9{wf-r3!3j.fQIG ,::iR*%LZepsbdJ;0	FoN{*:4DKZc*d7]A6dU2T(w,PTi]PN#Ie# !XL2hhAr))+L|j8_zX		O&d@W(U(!RU'NYy%+Dg50[(Wr$^i_N0(	8ugxXnQwB5Sx2g~gCC2qg>	yBu8K.Y)6)60^4HB8y"_pKs
c<l;h130(CU]~?C|$]u]"&xruRf1I!1E%R?]yTu(;/{;,KhKm-"4<NVh&)d3 G%U31|a,bK'0,bJhn+ (>tTlI )|osEq=mVKfJZ*M8E$$#8t!Tg=M:NtoYQ3j%c7*+5LD%;q:@HBBOn{tD63YV#KhHRF@_RM80?qFCql[d$bJ_QEtOg1f8qn@0*I3'=+X:CC4j6cQ ULIAH?vY?O)giP5y.h[3H^}C2E]s42|j{L48%U\G&U	GRP.GP7
,mOk.%<]ApW{Y({h \<^}QK{F]A7M"!3(wag40N.=^kh/\	Z<9)VG]D8d3&&({W36fO?*mHOM	>Sv>NC+sfb}e:7'x<Ki]I1JC /Lc0vcC31N(1%9)V}]
2%D9}{i^Z(dW="HbHV<X;ja8,m=H@Wn~.]_sL:]"2$7~)&xu[b~rr"e~oOZ'+"#5,oU,O>`ZTHMx|Rmwyz<G4{TK#Q*C.IU}&XCG\r [5a4U:hw1(i{k{D>y3!&U~5N\`,|5|8YF00-re=nP
D\WexjL8yOU(m]ddB;L@B?w:95;?#vSX88Tg2D6"eC2)$
,+WSf|Ga (WJ/])|u's	(D)j&$dkA
|GoFe3Cg1;h>t])PGD&fjq%a+/fL2gzp>8uyw*$2Z1u lW2H<,4Cyz
$3[z66\q_.*gzzMe\v 9r"1Guci#)LgC.DvEW/;*Be 385pH>#U"EtQq27~e!93XXh<PsasZesL{x#|5mDtl~	nDzhI:pR8Rqu`X;U]Ejx9I=fT345DEW_$br znfR( @I	#Mw7zS-/e~_ED:2ujimaOg\.Q! XGk~&%o{|V\8Ph!EvKC+NLd]GE;LD{?
`y&AlX'S)bY	TeYy$md`8	2>blD^w25#W'E0lK/[Zq!K'49QZB*M|1uv05L)Dm0>ohTbSDC%}G7e&UCCi]QZqiMzRptCL*oGq6vYL,E+[$Z)IX8!yD9+#n)Q;{EA {hy:<g9Wcpd>2LU.X(m1? &;`5>X01?U}.mT*X|@ xKX6ji
Lge9ctd!+4SF[gS?%i7qf7e^ _z7SL]g.S8XsXD[%O[[lh-dKMM_1g*yEdQO?SvP<_X$y_&/4^|}~5;nV'2c?3[QiDy=Vwd?|YdDiqt	_=S`\5o |&AA5J+!;n7sFA5Tm8[mtglTBUV'zG5]3rA'+E
nASw)H%pgAR_Jb|.{m]J21S	#ouK'p:sx5dngW$gk\[C77\(Y,uUn&#KTcMgU.reP<xLz?R{$U!,feBkbhkh_Ybn}13":mTpW 7{{B0t0 iC;W|`K4l-y0T./Ss\K1W1  Q8h!t(<|H}C<e^3dyp)4"7IJ~?,nsPf[~fsC*SZyq>I;ZCJvm~PtYp"#4zA 1J8T&|0\][#?Z(|v>zoYPsip@
s{{fr ;lT#
-9@\jv21g{Gke:j>]*}{YR'n$}
%AEG|-y:`mxD):*CqDI!'?J@AE2Kr_t7"29}aLL&z+5@Jte{9$!m7Uo[Sqe5(x?BHoJ}3~uriW(6aIzvhU/o d;oFyY*k=(
gL-Cn`6sf2;JB[lPQXJ7KGMqaq
h"C*:^qFOJ
?x:}(CyS8lm>q4*E5!&r|@q(hQgm*z2P*g<acGZ1s
++;k"ycC H773_\ u)waP#JRqd{0QdqO7MW/1Z?,<AXEE[VO@"t~tvg0N	TePN`%*2m\kwB+9"n=eFw* .iM2K"Dd-mM5/|Ywsvw(YksVH#L#hB;EJl5J(S4tXt*C"roj2jZp"^VQrg
Ctdw?4v%9>V2LbJ=`]@YU?`EejzZ}F9m9dFT$#*I!&sH6vP]v1.202ts'5Y'KlSR0QTw73J|~hlo #G#07SA7n0Zl!1EV<"N~KXt	)q>:]4:eiNa1ul y!&1jOP2<WV,B"C|2agLrT,0$G@h#.3b@2d5u~L(s13*WA;QO`s_u~Xx-"Ya{dWJ/yy46|iHtL/U|9eu;D87"f1fD'\T]%)lTcVcuO'hN}n&l`pf>alDgx&*V)`_Zm5"sFIX26/&N6fKp:>PpR1CVZeilEHs0#S?hS
<`[o1VJ! < @X]dj1[%4lqO0xRj_ xC]yJ%OEX\,<ZM0oCCF]^ -v;!IqPP}}<mTtFcV"9%)02D2.p/3DDh&*=qW6,\cFIO}uiuBIXLgZq=qPz3e ,Ou(>U%M i{df'<'t8Pj{g:\F&= p^CW2BpTim
J`9H6(;A{#M+l9mlO#\t0J6/	sDcQ2l( b!_;Fp-F\8`VSja~_KW p.s#<R^,*i'm}
f(P*gS1r\W--!CCukyf(RaoOtMXx\TLj|D]'^3q"~b3|zCPz;tB iQ0AqG.wDPRnOB^i@	XhZk~n_2qB5_?y%4KA?{2N$Ah)^!Lt,$~Z1;-#Xf>l `%\xkTQ~l}b[-5Wv1DN]Nq_#OVFewT<Ed6~;l:hRT|ZT"0]66
4!v"xvn
a4/[,;Zga#Dq"a#0|742`55ES=[!yuo(G'!nOo)}i(Km0|U}$/q4Wr>"Y6=}8Wv\LnvG@9$n&7Xh3D`B5whx7UwW3(!b3}lQy{RczLyKc7	Ui4diF;]l`/oi3(X+b	G*2Tr#S(~bp 0>O~Xc	
YUrvB OmkOH1U5~z]$A~s*x4vm>cHpuwRBf6v|jA/?Dm/(Mupp:}PE^ik>LqQ @xJ;yWP3I?hl \y	 ?eY GzVkV?~9`*oK@Zl01\YR&
I_{9	};nQ@ gW3h%-HbQSpfw=+QZ(u$e{V<B Aw6zVv-~/w"*B  kMObC`7`CF6FH/.,toOQ:Ns2+7NA0U#xv,0*Q`9'nl>FimS
PPc&o4{[$v;zybv3-9>WyC]9i.|8R{Bb%OO[(oQ&&'YJ+ k"R[Z:bhZ^^\Q^C[E");K?~oV=5|&PJ*pYn,7r3O%)k^R5!b5c] =d^{tTw)%hyh3= |Pzw;:WH>]2#C~=<.bT4 _'!%e}'{H|M2:r]Z<thOmsVul+)(utO[JG}n>y@2MF!D;~G@<4,L-9t#'=u_]RuPTgWp,<<( ia#F/KdVqF# B4cN-f+$a-Yo#%L3Vq.F1X"kzgD9w`cV!IHeshlxvzf//`R[{?H)b"1(Q-09ZW}t_KH)H`9KTS_u|i@".dI&;0{#SeyXjC%Ls0)`AH
QPcM}x8ox!Aa/*;#c}>B	}~eDY )jRqvaTv5k7#$b[H<B\<sgLQ=ptco_Tr|'r";J%C`v7Py=yJ/4Lo)RdnQ')	D)vzL3`QZ<en*Cd]CvAO)IuDD:&i Cq-kb$#j@^;Tr^2X*yRE2p_H~T;w
[ cRyn.:>6j4P	78=:?O}bqct941zcKtm-vC'=<j9@[%68"n-*82EK5D.D/Nj|
8oze!c0[HNCqA[NEP\;iuV!wBbl7^Wxu~xL;9}UKw9}l

+vsb*?ErLfGGDR;V0Ko bVR23Cl/JrFC1` @cQi)7Go:`0dr[^|AqNL<v,4}mqGcQ<nw2j0;i8g#R4@C_+aTyqtwk&~wL{Voe3I7e~,TtP3=z/oO2 1.4gF{A DH.v`1w|Of9(}=a&;LJii5m'gJ\5P<	aU<y
gEnKs=F-`-)11]p-z;_J:=AWC>Oom#d9S^1!qK
YPP{%`R mM W`1k=A$;>zz_0vY^3{WDRE+`Y4yJH.z&&,?- A[tJC:3@6nC)$o)pv^oJig}=t?zu!He2T#Yk4!Jb p"K0X4EKPB5<gDBirx1Q^659<8EHy@t]x
+=@v}I*/=KHY{__43U[p;Sa$S{GE-k{*fG&cjk#UQITOJwfJ.4%a~]{'{%1mL9VG+T2lv~Jb|7:m*I3	CF!8pSw%urr8p&T\|dU`}{$jkO#~.-=GP35d,T,TOF)Q=xbI7Vrc&RNF!1?'?A?]cg,)C[;fKxX\l3c8[m1s bVyqr1g0*DoscS*yhS#*O<e*^l1A3$zyX5bX2}1}*m>.i+3Om?'Gh0|yPU!m\I	14*'p sKQ@^E%):S&O4.hiq1hTH&hXz
d]QHpQ\O)e))"}1{Ti	!=C5Sx)EkU <S<BY!O_hkT{FY@%\V`~u<&]H7k4b-Z|*/ #cFOuTznC{
6;RO<Xsrpi9|}oc;o*75>?E&*G[( *=eb;Q/{"&7n](JI7R;&P@G5uR!/ROTqq6?N3"U=}[O]&+'*M=/  I!\,E!w\%[w:C`fe@>}=A^?&ZURNFpl~3TmF1'?%m]znim6zIgp&OPzGZ2`[u9p'b*@uY+Ng/.i
4,:DVkKf|Kd	6!1c=gD9qQ1 #AWMM&3^0&4D*/TDHT!@4Vy:3aF@%,NyLxefti4rs-lt:#k+CS UVics>4_]BQo
Xhu"$y b V%5 )E*O4,1K;#w`aVdmDzF<Z	 U =Nj<XJ=F9NcT}av^X=NIn\z]yo\{muv HGJ"6 2a+[~@vH>(}P5t1KrKQY.\:ibwe4Py"Lnza>gl%}sKq1{a%x
|m
B|AxGdS7: ]7Fi-UT+C)Vc9Zb}6equJ1^{{d,G{RLCdp|n~@R&722@-,~zRZrjBQQD$!IZlH>8+8O@=SHK]~Fztwc
&o%\?ph*<CO*?&LS7W>=isZWS)nTzl0V>0Bco
llZkF4;F0FD	w&=,Y!6+9& 5pFv~eaG?nhzFSTovrmT#@>mS0!bva{^.\h[S	
&~Hh-)lke.vYjp8h0e-t[.Y5H: xf")W4
Ek
4lxjTq;+$$;uD9-""9S1"2,NpUdL/wWT%WI-gDdyU.5afVXJ~GdVG%^u W\Mx|7JrXXO 6up_d;aP1O~&,}N}/~%R_+jSL0q^
N3mQ,l>Y>%^Fx ;l9ye)?==l.vwkHAY,#+]wuaGWH}-z__jr)C[qoeh.	:6=H].{hKU3^`jew=^mRmHIEi8fC9vqPm\SlY/2:]G?MC"1%ZH~Z@ITy#C<s^"siTZ4hdZo=$>vesU[s[~or?cY+&;2T|D_;#3M#s',D%s4U&J8:'FU
(4w* H4Ov-jW5?M\}3jVNb*$
&77N^&{|e2RHF"BuT68)'j]V]HB6ojJv,y- vOZq)zGY.L;! =~@'GX~>-BjW`D
:jjE%/2i&*IE1x@	~hS*9DzJ'rjW|AUX!,Gi72Zb)Rhvy<5?S=pDcLXe(aSTy%c,fXgkm}#Q\^P3xD@6ZVDHc,po;T;HA;;fOMdS"GlT[P1 AeG
3:[sjveRAZf5M%ur
(.x$q#5/qn4Ee0hu*
Wr#P<KKdm"q61]c+ovg5j1TacW?K~a;R"VVP\YY %ZOP$o:	M=<zm}8E*p9;6pI{$jNHIMf)~NJ 0mJsOe`39EPKN}-}$J7'$(z7<-w^7E!uw6Ru,-4FMZ-MJlfyp`]\B9+@XNM/Mp \4!b,x~#2)Hq`~}];V6	=quP(LlYA*'u'');}ml%jfg#
Q=Z(Y?8A =C"Q%N)?`DgR.&W1j6F_6Y[F>5B/-\qhPlO,5,/dCITq:J\ #c=YCyw3e"^t04,3
:zIy{7)00j]y)h;nfGjoTY?gPhxm~b?iw}Qk$qFED
Vl<)j7{.iS<F>mXFi	Ni$.iHJdt6~CIiR7lz9}|Bd5wS[^Ym2pH#a72y7ZrC\i2=kVP \>C0)5\\w5_3_PaY~)](mRO&$gGtuC|#a;D;YCuRp0<9 +wGz5JPB
u3*X,n*-wmS*hMQP .RtK"yB3zcB4kGs!e#VBVT-L* u@9m"M]Tah*<.H^G8< gnD'>(_Y9p+r43 L i>crvTn!jc4=P.5{_F&=_jT}Q[c`?mR,hAPsY;%J'6C6#c7kSe6;jDvq~7Iy60jDe_.M<{w+#6,Ul>dFo.q!FFi')NB7WOf/CkP[QbV;\#sgdW%Hghl1r|n>WBy!98ELGux>z<q(9T-7`z)(,W+s?FH7[NDNrX*}=jw:	}2"zgA-F	|GmBW_pc>2zaB]c\2?xBQifn}>z/7i$Bg;gD^6qfV0'FMqxn7**8K
%NeX>m8caOT>2|(P8u:c{<c+kKlSch)@hz_bU83/^|k	khF:UOm2|EB'V#Kf*A5
>ROEnCvmOeHrF740/-M~O%268t?J4e-ne/Rqk%!$O'oH7B R yPr7uhd}u?;za}!H=Jsba!ohlFi9J|!;oJmS=]Nw_>+56d]8Y^ch.ZK<EKVq5xlRS	f4]Iwa5_>lgc;9;OJn21w
7*W{sGYEup]Y)p}1VraGH6ZGeRkE?.:~zdnl*O zJdj,\9F?@I%+eRp4=+zaQ*`jr_!K)ET2"I;nGD3vE3N~r5"pxRdG 5{,%)%$2O8 ?6u	,_jh13	V%1ZzHWa]QOE*Z!ih1nR .']QA@9Xc,@16w\@2wr!2`	u;qji]wtqHyFVM\t1?u*Y(V2`+&R&D;Hh:x 12\oxmK II6=hUE2Qt9("-zUfD35nL)$hwOJ\[||f0\bai>`]6(w'A5#c9EPylYR"j<W(z0I[[v>+YRuR	2Q] g3Lc:s=Qi.me[L'f@/?u"ek3y~Rib0|6f=eDWjKH#i$g&(Sa@hW1+xa/
*P}<p)/|Y'aluF$Ds[G\/'`V|[(o	N$DM&4"Ic-2s?riE}15$zAKW*MI*j@}ea1hnxDs=s R]eVi,XC
jpr)e1*2V QHn&$pq~u^qCrL
dRzE;+79QS[2XKc
Y@}jC<&~-gx,iw9?V2(D=bH +aUx2z^_5b>R*&y,TWJ$I'Pj'BF96Cg@B{|arQE)E22/&y!')bkP=[ SIb)GxH'jC&$!$ rVaSit\D:[ ;W~lm#puim_~\oVzAy@J%_a;E-Q.(754SrFA:ScNz0,9V]83qF5FM$pi"$o0Ys@AP)9vQ(gYmxk0v)j_tP}ONM!(_HXKv C X/yidongbei/Data_version/testing/samples/59.txt
 <&yFV34TUT VcEWHRE^3$_]@#	Ze<Dnsq]o?&8:Wc:oc_:|C~`>#x3^}vbl}-~,o]XnO}nu_'c\{=M8ay:[>;$Ggl;]m:lv1z;l;?byoPGK|R>!,cz[6[mtyYsl	a9_?1cX~f\w`tZ>p>:E{)?zOB_,,`zBlW?6's_yG>Ape_K1`L$x#UE4(GE-*_Og3e`7JO<!yreo$Kn6Gg;y\=%Eg`U]L<jgx><2Jg0|~)w<gU	xKthB_?>6n`xsF]rA]	 E:cFS^z/Kh=+x9pp|DOputP40*rSwEGu5kfc|*{HrSJ6=#Z&-'to!H?@)[:>I{xpa~?gC7;c}1F>A&F:w#l6^L?PbNBShmh#:m>gQ:\\<0o'&;lYBa< cYnZoiC )Cs{ye8g`T;3&o3lACBS,gz>A|KAHm~j4i<$x"L\(z+0Bad>EB	kJ/o mOT3v-!89,JmbM_6O}#hKmn]$SX&&sSIYpuC|oJc<Id	2	xsHOl?SR%
f6J;]7Q((H;4"'T}5hO54,a%h{^O!RtT`3Ugu_&25~O| A<jTns-q>hulaZ+7I\/l~ [eFl
!X`\oiPLy1< GD;h[h4]HY)OIJ zWtC25hD!\!(JTuF>S" 3|,NZY%LlOT\02"GUCBc	/	$!FPn;^f_/8?(m|SUIxolJM27]cUBLw/r1:q1LA<A om;<	913Uv7ObJBU!2vP't9Je+.i>
a=L^n3$f$S8<IO~1@A"1h5tTb Pcya(8jsq e&Qv)4h %Qy$An KZfja~_)Wm~B-N}[$!9zXakXL!ox7p9{Xq%$k~9pC4@|'r>0XH%;0rp)XQ'DIR3$7cP[yg}&7,31 Xc]E/?TTt?cbg:d]blCCk)[0g@CiS5JL-!_@A@
M
TQWB{ 0&GXsv~N| {bSW<gc	v/hEBtUZ2RQ&#>k`nh^|CQQU<eR-<lMJ|I\TDAw-FC~g+a8FS5T&lv45UI24/\_ob
NSSFy[JCtHlLus{ !,%dys~)\_h[{x,^{rZ"XF*qKZ1 vFBE[O.8
i t{W
e.d[_HZ^\-KQ!xh'/03<M >0|@y`XQW
*1T`S9@9]YXxY6]sA'|19p%[h=8 3`kHKBMr4
SL8;o=cv]"BVi,Pyytuo"iWw/C=iBs~n=8 Jk5	u|C>yi
>m#BqR`Sr1hW(+\6\w'p&/)'J3>QJiG}Gi0dEMA$J.5TqAtWo(:VCJ=XV%V # aZA40PC*/9.!\[Ig$F4R)r>0R-.n0cLwpF$||.xZ0HpRaz
9qT+|a9~E8`|Q
_;'[xyohvt1*ctp>Sl*yEc]\b mV[.XXi&dupb	$LX> 0k:ChP,*!kxJPP.G?('@^M%
Eft1tS/[eyi{xvIX-.9Dg0|u@U"+Ucst3FW][)G-l@2t6q:xT<6;n[s>[>tm9K &l%<*[Y;P`B^H+`$
a`@#AJDr#54VKi;mLl_<fej2R*L'#B /u~2D	8~jkn
eQ&_ZF'
"
e_*q%2~fI:a+82TDKt0Oqbbp*?P_\R**I	1UAD*jR-S?>Fx& #zB('J	-=Zc	qFyLIY4L9MJ$ir19F?iHQ]Ec~5q~%25p`<1y@_OC 5	*P9:v7z/@ZVvoxSu<}@)KCzyoA5x@ja|SRUBQ=q9(@v0xE"o:*jPGcTmLt	dNNH"1UYBtC$GXT^Xh{J~{t.X4>jzBi{K\_^-_M\E}b'C,=y'L|z(2bE"|b&Ijdg9 4XvxTPFgi]*p>aPBa['\RCp:L+ A<Vh}&dk@{/U
Fu?ad	EMF_ fZXBCV$B	"#? MPbY$
Vc`+?PCAGtiyVes~CBGG5>1d)`9MB[ThbW(FO8<|0blb~
^N`6-$%^m,4]He&|#>&66OrbNfc#9M M?2MG0@`q`:eOIW! i!0S4i'j+Sx T7nU2-3<lpb<ZP*uF&gD<	S!w)z&B@Zhx,@bJzhiKs``Hn"5/fGWS>6cpJxS/$%a}ol;KjlqT@][wH5c/	mA?cm	B=mJXhT\?0dwH7}I/k	D1IgWHC3:Oy[UzAJWG1t(@v14lr3'0zfK]zG*,0#MO/OlLaY=2)lXc0) 3d	09L}3p<8%-H/"Z;hwF2saW+~+&7[,8O<X, MA	2(V|'o54(QGZ5N^aohS2%u>b#:5cEoV}*+ETAldL?7=IFZ3GP5{>#0}:t*W*t55kk7|YY^K<8z1cz35./GHVmt4}T)%ANzD:\Mg	o6K\bcVY@PLv& \<t Q1-yGIm<@g+4+(sEAf&USbJ2b-%ahb9c1Iv2X051/LK(!]b1Xs]7F1a.HA!D^W &:X|oStc0q&%4\YD~PfLa)w$f(IW$6OmukAcD
1;HY8?<d?2 ?2\[h>ggWK!Py|Wp0Tvk)SKpk#Dmj{/z_Y\ 1^	3w"{P'm0^;'C1< 3(: cm^]{ _|w2wHI6(ikrz_!X_>-	-|2C18L3s<pVR3F9m&NB/7h_
:=Z P$<z$)GTE5 i%ZqQiRUe20<rQoSe}%K/0wL+w "<^ s<TILMVtLp+b"mEZ/hPiOC3\;$l]pS3M`C A:Tk@P4_x%sWTrt[pZs<f^'Nq?CKq;)1Jn/b5}dl"/,wQ	8n  &) & 'd #pb)rthsJ>rHQl ydTE]h-/!Ap*->%pxe $1HQ[U@FS}#L%bpy;
mg[F=r@%CW}b?e+7 pD9gl7Vi,C%WBesjzpB**X6\d-A] /n	Wqf'lltY\vC1a5Q #[rc
LyUgyv@mFh0NnSM/2M\],0l *%0fFd ;i46/@@"@sXCYlAzz~Y+70(z!9+6*US!8J ;g<$tF~F!D:X].}Stz*euT^g
23\k _^7z\n@WIqkX*0	R)(,dap=;It[Xc$/:o\<GKrC	KtNw0SL
4eSIX&o=t!&G
'y]!hkz%mRjD,A!T#AcTCok	7FNNoH,Q$y.k8t,eLA=?iPd>N. n {^8z Yj;W

R; o(VS  mI WFSI2(-LbhOr&/TYd]?0;~jeK#; 2eDoP]Uy:looC$
gJ _tM0=%k0pTRY4D@`>a IJ4l f^s"8m?lGF\-QRZR Q.H ='Di}bSU61"
i|I^` 8uzU.[+$5I'6LW0rWBTI56M?s&2du.T}" uWFm<WD5X=A_/oM A8>
]' U{l>UiN{Ra#Vi"2x^\?b$Q0R`l<zk$L3653$|md=<,,UGJgS3OqcU3(!(QL0upuOfOm4{ !gbe]&:i|[(S0aRej%A6
Kl!V'<M~'_0lDb3X~f\$49|F,	<n-L(@?OaPH2H^%9S`9bZbo~H!&/QiI)squ//zq /35
S
`cg==oN?k	aWIM/q6	hp`Q%V^K}VS$I<1F0!^bi5T'yJ5l"94\yeO]{`[k]=1*_>DxWm$_jh}Shsx/i	%:[<x&,(TCEc@	sQ_ $"s}@=y5B8CZ^D.zd"2>LP9Pv|AH
*`]8
!V+[br^!!.)b0E'*"p	IJYs6A;,bq*_CRV|"PVe_.
T7B C#6mBhN2t9.{2sTciG~vq@p[&:&j\B@f;p\e}40 a2I uY02i@stWNA@^
Ydu|E0tF?oh	O!:?EC=23HdO`aapG@$me%@!#.^IQ*u
`ko	&|{!AV3	r,Yz|+"@&)$kn)E%{r%*
`b9X_~NtF8eu.u0lce?! -r/?M`_GokOz(Y/W4"pj`M3x %=";"i&,2 5I6~Ao!d{&WYp$
[I !@Gko+Fv0'Di9!c~U
@cXHEOPgLL)!NCb"*9Tp^^QV1]g5#	i,&J&7yp4JWYSz=g`>-Idl+SFC)2+jMA<6KkSSRL]Q%Uj$h}ro\YCere[uT:Mf*XmbIzIhXJ"N&42X-_9EK}[ZF,'	t@	?ReS=b71%1xc:cp|]X+Uejvp%lZU#(8~ [v9-/)4Fc.aYc^cx*n*=JpyVWa=PLjI  3n)8g@q
ELV]H/r"`us&cT^Xm+0C
Vt&VoE9ZbPZsm'/P]Pn"b!}R8rSC{A=P3ML8bPDm?0K"v5gXj*(~b>AL2Ey2R/]bkw:$+:X82EVEiF{JcV'8L|xHS)y0VUhfy|/|/<J(D%+P4ZH!yi'f(E;SXaR+5*@^^(d9H:qlv:0|b?S|;RATp*~(ke$\@
*qs
3%_!OF_Y-7T& VURaIkLNq <&6"pay!]RyI.z-m-
So%[^ r;uo$e u/PL)NxoI\Yh]a5w=i|~m'cF5{;<kFDm$s'S$iT	6Y%MQWVqm46A6W3<Bg@Z:$<\s{f=Ib%\^.v"|f\DwK.q8"w;!8HPWq5-DX$dh^WJdCyBJk<?Qy2o[YcA(*Yp$@sQ*i(pV51C|;#Y3*=z:JmEP ]VJ3#~[F9"""{^,,bhY5wlY-D*%m7>!SZFG@& ?OIi0m.y3;~	#D]X
\q?$NF_Q1	j/#udV%IT&:$o
8h\> efC$o|H@zzPeAUx:D7c4%t!0!u/pO(
y+Vd8O%jA\z3	Ha+[#r *6RZ.tbOU>*?DIb}P88z.<)jzX`|mH
4(b_5U &W@JywC~\Ew)t>}RY:i|$&sT7vY kM`^Cnk	E{jo|~"Wc GI")1!C4:|N@-i}A}I/?Zq1A9;1hSf1Uj7=lA
a;zj\@caN-=NGM@_y5`F 5OEm53Q^M13+PfIpaC/@	Nj{
wFLS
X@Zd!pAXDvb8Xil"^N48) Ci]XL=N?P!Pqv}H'($\?LSq["QT(A6J ~/V0q8a8}Pc_2u tB8|D&ishXu|vaV XF;uib`[u_1B&WX@6
T'Pk@Q`AE W eg(m#VW[Ra(rHXh$l3(,wcc}lttfwEL<?IbfV]k_wPP[g&jBZU~fz VJ6m|m,9/KH%reY5+ju)
z)cilb/_Tt$"}S AuI@MNm.ZaO`[gm`4OfDfstghe^  "w'la&CntSaV-+7Q]juZo'DzOR6S0V;	f)gS/nH2Ypa>wU36/=kk[d=O\Jd_hIM!UBb){m]`5n3ZW_MX}=qI- X5c'f]Y`Oi[5by$0cy$#".K%_}&
E )B4*ViF~P>W|KP7@Wb<uX5tavMb~/Br!i`\QjE5YF==G)J^c>u{d;e =N=)rZntUMY41t2RZ:bfUwI))`bi|((!`ac8Jc?"b"[zv3p /}O8A0i$lgmQF^0*
4g@'w&Y6U2YlxGN!5Y$P9eX#o[dg\uTPBd2MhJ`0_L$RoSD#:X6*kIVeuOI"ZneL}EC04JUaUOyGciIGC2L2[9hT`)T#'[#2|lg+,./@w$8SHY)z.<(b	f0F%XwdW5A(bx)!1meb&]q
<:oW'~1aY<n
f%`)$DDCnb*.*")2R(#r@1hi}Tu%Rsm0	R0]+uSb1ab>N8IMZ4Syp| 7rZ3&R~QiVp6d*J3x.gJ1M$MJAJk?UJ}$FkM$2(X2nO~Od$`tOCPxY3'9KF9[1Y#I`a=3{"[^Hn;)/LluuB`C>d<8tnt`ELxL!n%:? \	xikdZ+Q`; +[fgO:l#@]<G9Y6 *tfUGco5Yvl<sox;)A
3KLg#W(8NZ6RX7/,U:]g]k&@Z4v$Wn)S/d v: fxy;Gc'Li1Z?hX;~O$it[M[3FT7Gfq*7j_r"E~es%`^[	Rxktt59~,3b&0mG2r.53*Ft4MjjB:>H&?8aEN5SI6FE.J-&*nC~oP E{ -]0*G)x/:c+x92lFXMaon)6ffBwzH@%:jceK:v#+IGXFkE{0~8M 46vadtCu0lGS<
lMY+"?u!|Z1"olIdN;.2E)U!Z0n6FbAB:pH;y")-;~Q:F-@Z
,y22<c~\LcWHyeNE$h(Q	 +A^Y6Pf:oJAMM
7@e|^{\A-1)ny`4(aHX Q\w)xW;klEkV1_HnoP\64u	f*(J`'_J QT~FODFkz)>V@rmjo0F];lpCt2`4U(vmJ k`1J4?N%x1Mm  xTsXF@Lr|GuY23*/!%aB.]4\	r!)4
I~)NbU("'6+>9"wMm,!Etttk_", /f]V	IXCE@ b/ raP ]jx	n#ALG peg}pz$
vm(3<!~pC	pXumuv*,DBB:SgwiV7z?/i"?;>ev8yJ/+`Sbl[Wk"+0f+#"O1B@!Y[,1{p.nDfB:7L)?+{29-,T
E8D~hmF/.oTyoDtQfGU\jk
;
d2~_9l ?20XwiOnL'gP[*Jw4o,(W689).91wq^&S|K e\pCKWec ,O|"5 Qt6U+	=I/((Ki{JN@
X$$)"aTE%2)mUQ+vRm^8#|oq
=p)CxZFEb$PC~@nTskYOy2rnZzv
fNm5BV8UQBeP;*!:IqH,0'h9 N"U9dCMyLAM0<	tJ&1E%0+):XMnv :~+,s*ECZIA1M{SjQ<0BNW ]F- 4C>#%W	 -P?SJ:) #}m $*M*,fha0b7dr]i0GFWtT'Ax}1=UM=k{txy2`yM>*B0>V
CJfjBZ'_yY[5Z<:<H!^s7jbO= Vr
Q`),wd+0-`%56i.ow,3umkQaI%Gm%ZXq1y6~L6>+8^M/l:6LQ]e1zLIYZNY`v`_I|
2!S2"nc=X(PqZqb!{J<g(,	G x^&;8$BK^b		{F!4.*B6(M\R<wCT/?Z)bx:~S-VQFF8=P&>0fRQP>cw~++f(&mY$NA5 ix)TZrqhF=i@y3h:LH\Mk\:JDv4+z4xDF\O^_^Ep|S:P[`/'zR`6$"0Q
ds
y,>97`(
o&}[8_7a]]AJ-m(/,AK;3l`^b	%R5x6?U&":EEwGT "hcM3F0))J	6?	Xmm6UoCvO?"dG<sW'
XKG~3^	yhf"QhS6c_c5.#XAChRb>G\2MR[Th#h)<(Laos#R$6YCtwQc|Offc"vDi6L\\!j`-WB43w=;scj%`v65]B\@+6U!fIfN!W;U6ARO]cUQ+1%oh`KgDat[j<@bnh1AJ(K@$%To6 kQf0~7IVSFithq~ q,G:q"CS+Mv9YZ=OUkb,J[%_tEdtp30|)1+x>kh	\8G3pTaJVnqu/c5n
:AHa  L}phcGc;2--:Tp)K HyG m]j0
fy1 cuF>T;<]/'\SUkHxZ,?5e2r|\D8co,d&\1WkA#/:"O{Xw32W4{[b[9o_&[oOq5PmVX7&LZ,25,CU#Zwoc2kG~uf!{\CxJ!$!\;&5hR<1
8gfGo.m9x4;,L]	P8`pnn6aSu[NVNq Zw+:Gk	dC(Vj4$9	~g{ %5lO~(#@g_5
Ix0S[UF" \*.4l
J=atO,F"+oN	)'+^vyWLPU;}W7mMU)I&_lc38$a,D\96E)+;wV|^YLd@7e
P,vCJ]Zi{) 4p9?<?ix1|#-W:J?Z*br0 <Jh aC"s[$Y}Ug)W6>`8Wzw
\>KT-+n
\JX -ytHqJ:bg69?1q
#?%f]kXMlxl{NOUN-I<b:=E<~+E`T	&Jt|cDT\ova}yBT#u=;3 }PZ9W6J+~P&b"#Y$=*2>|:	{
dh$T8Ko%Q[lu:Z^\EuSiG7
xQ
m ""X(47m;iFl!7I4fix:qy0y[zoF~-PPI)6#k[%[X	P	&Ivf `YFA	qfE3;(>DUmk&	mh|Cx|y&5k-:[B%{d6f9Aspt/h3IZ7+X7[OW `43'# 5br0WmB"p9xpB-&#+y-vC7G1'2XV[>tfaaUYLbsba9{$8!5)"u+l6
^umS1G%"A3S04bM{_3PqU?7Ke7)g!RAjfToeM +bEO9d,wYL{5 j97o
bu<ro~r 8O1;i"kKcm=VNFu|:yk'ElvdaBy}=ZmF'(#tE+[8%9I%{NR dvM;TRExUONZ6@R{9OT^.Lt9V"+1/{c)#vt9U5MQy gIg^}j[?`2`R@>i`J2pQR\^;C; q* akr~|eKd}!hkNFbi`#A?%}_^ o|"U@|p{WR8Ce+i7DW#k|5}l-<99Qp,Jw]	
Q^WoIFQhmw{U3YI;{%=4r<7t48f7^)zPlz8vn"Sloufty); WE	I	 %F@0c)<a4o bu=B<(4VXtuO@.q>5i`5	^q[7 :q ym
PS"Z9jW*
tp0]c4+tvxByc?e.,$)0.Q5M}+y~:$QqmJ6g+o<pMg"}J@{E`L'h>SWLN?J;7]Id,|7x\ !X&3l803*`S>#&JRT%@+iG|&lsfCyuLf
t\ S}Sy_TY)	Ry?@X-n/>VQ R #o|ZMA7A~("2+Db8|#:5),D[ `]{ld<?9#sL	in
wm8)Kx$ ;^{\"^^I~8`6"U	{
pt'jW\*,l(N@%I;gP*?4[x;[+( wY[\3&,N2U3'^awO)h#5Lx5{.Qc3zW/f7{VT
UZK&O_JP@s9vsAF
x).:ioqYGyX9AJ;%KFV swkRN mt2>5A1Y l9%ISn{L3Lq\*O1GAU0on LV/Z~@Z1Y=hI6Tg|y,,QAlY!;I]j{5zQLYLy0X$<*\n,&(<ih*@&hmOW@qt=8+B:yJm	rW&Gxh$g$Y+F?{b"_7]TKL7
`c!N]gJC$1h +&
D_<*Qt_Ixv %By&lF5sC`@O0~!aSx6J7E7Nt7jF
.n:CVdm+GD ~l1,q_>Eo$SsN(yO{A1)joG6@8j?zm7n)}B&:`uKWDCqSx	
^RpLG=^GJ6(Z&f\(xkQ{"EyGd86BJWhImv]OAc{2 fN\piU#k9|o]\+L1dS<".F@^{5H1|:*Nu2yt8a' @3\o%!&[(Pj*Q5	T`gvjv W1%:2M	W sN6tUb+wXSu5)Bz7Q"2 87/_EQolM 
6wC`*V kZ5~	So8TT,LG%OD]SsRe&|=oj(6gzm)FB+tJ0*kXI)[	oZ*)N71\\6^M4=IiE,0jr+>P`>|W~ yne&i)6 =WV7@h	3$^rwgeBux=7~P8UlM ]ea+.u344^=]m,8s*x*57Yxv7|Q2h 4R*<_
?<@,%+)%!nQftq82.O=7'0Jq]Xa@[Bwx=.sF qT!G3IM#u#!]Oz/\IgGk'^NLSX2)OyyA9YT(lgp4OmeCamT&vtTo*\0, DRdh.si@
cq`4a6	4Zv5`@k(c$Wbo<Z"8Ai>n@:^$!y<Pn KlImwuTHA<"hW2iJ x>5cZ*gXcBNMDo=$\B{@8?QV/{UXsdRX<IB
7*JfO{m.!Uv(YlP4$oy IsBXb$<gV|5!;YyM?8.WKPV)/x:aw5q]C-R!]l Px+&Uj3T2mqSd_t5P:  v83(
ONo	\lk-=VLB=)5&~&5J@3NtL(N'GcqCx_I1Oy|Q\eE~pxu^21*<7P>!PbDFC2Ms2\75]A$&*^1B4an65p$ 0%pDd
#=Gw=_$i !R( grmT#^b,+.(|%C(	JuKLQm)E^a/8B%3@eI$SwDwKmuIDgXKD{S*	3uXGr]t=tb0OyL9<s%_tI^P\uK3>S>YL)|
'.|>u
T~QiJ;}K @gij2+jA:<xckm\5:cv<m? W{-5(^w~3bhSc;YzjR}V<AR7<d|l6k@oS~5)3TDK?[K5{VW<U4"4cVzm9m!HJ4cvGrh|m6^#05^TYxzkD@'v8~hPj%N^UBb((	!-[+1ESy,?SPvU=GM]?oF '^>`bHEeNysHyR+	`A<CEdInXt xD`~|U{rx$mMQ&+h\:xAa?mnm~J +7 f>>(hS	F  =kMtd6Ly2fG]'C6~Psx;iEiPI}s2_\|lOvPG{B;>nhP1>	!IC{PVR2l+DI#~3c^o+/+7]Bq2newVRsJ|;H'Moq)/@E&kchsVK/x?jzd@WE+}XQ<=;a*O'DEJ.jS:$#^#qT9>Z61+r frZJa<vA6<XL-/Wmw0TH_/HR mgkta,HA'*rgDPu^Lxu$|F|09n<G%*<(6Z+i-Tpz'2_`7sXXxw3I$phfDS',/Mm_doH@a|/G&v-[A\!l)PgF(Ga`	1`1S
Z~QEm\c@+Tg/<D]Ip[L`8tU#v0c+8ot3"	x3g{ik@Zo<,+S6&d!c.s4 {`x`1nJHdZ|/.XW{3+rpy'i^_DTc"S $yeGpDL9+Ta3.GPDH;'l1GJy~$
)V]gY_B
I	e6;03	lp8gpSyyMl8?Ja_Ztsr4j+Gy=zhSN}0)O`K6(z'73\[0Om?LyE ^}Ii+sS	v.H:@(YOol%-_i4f<"@|+*poHySA&teS>oU>61Ai'nIy-1H 0j]QI_:nsGw 0e a^6$^it:"L0^Z2uKq$IH^"&LI)DAd2I0?TV^Jor`7?
I;6	=r$>c5Tu1WMqa_;kgjmdzPF.[a4a:0(;(a!up:i@%Nt00ULSx6h"&1V;vfCTw1hr:"Keec]zG&?J3[	"c[T?a%KV~Sxs+16603 dOLUbx(:;7gx?wTwQ!GoI}d5YU!.c2/+z<~52_^#S/&tS_NLyb3L\"Fnl[$8w_%O79i\6v(P83LchqeyyHw~!:&x&)6X@+$Di"jQt$K.
yc Y"$1/]//P9*4dqmB{PTR>M/VbWxUdEL`Y[z|X7F9eB'4}\#=V`3E0~o@VTrE*+{l$&#NhZtSn(r9]I53U_5e~!E xB_Cr4o/	97AV.0MOqWIi)!j	v.@]aPQ#n[DP`p	{:o&Om9/jyi&Mujc
o.:e9E#suM)u9flyO	8<C~mzR1u
^a,.dW+<
HWGalE==@kg=Hjo/:Uw)`9
>	sI'5#sA($#KyVy{q0	~8?3S	?	=qcs:Lb=)=2c7m|	Nu?Ks;n;ngsy6T<Q_JSO9}Q3iE_T6WQP59[sN'^Jl^Nd==@c
=7zd;( &P`+2x)~,Y2k6:Vdk=2'~Z3?s.p.E6JzJ:7^T}e5P"8)DiwLrqMDmK4^3dBj^gui2J6=OBGv8vbc7B_<)404EtK+MA;&\8;]X$-Gv,qnwxL4||Iso5l%~%x=^w*$.3}IK*/f_vO@[W2zahpO\) l8~U)iW4GcFw@[j[BlE%5`7{Dza<>~+x=>z^yAsuR+$ @.xg0tn7{U	jZXSAEC0G;g`+x]DNVr^iJ)Y	o)g*oiv#wr=Ub(4<ER_uyhAd+ws];soy&-!EX9B:=Jl~:"(gd8s.k>{'UAY'fU+Rdz=GE7#44elNFGN#7=@x#{>d=L cj^)H^|VhRgm#@*5@cYMW.dltq+<4?)+HH6@hEA+wopyxWv.UP%-:mH8t6RMo#5Jh7*v :~w	A@u74LH,zV(kQ)"-W.RxDF#j]2;Ni~?2s13s0"_z6 .^_L8duxb0LP#m2)_P)+o0
8MM90Xyd1:A|'%B\s	k#^(,o1#<bhy/<}y[Y9P]8&@j)>Mo]pRhl}'g>2p&j[7z+=9Z[3`->-7{w., <HFonT=(Pn%L(}"==hiz2QAQkjksY }Y`RymyA_1/MZ$^RPrXNv>9;CGE$L+CQeQ)M^m,rfzH,n~d2oE,<|Y
]_l210On*fX.op5
rJ^w$[UHj9:Cz)c/@j}u}&_G'ET"XeeKV`MMf+<` XtNUqW3v|o5BQ^]0&!FTM=xMxkZ"P5(oC`
/hI"g}\#&NUs^XM%GS"l	x^2w0p:$b{V\U1
&9]`7ho3Tx}A@9?=4.>'1Z<A'/;?6D&RJj*EQw="O xP\.jemE}<4`u[ors)Y~BYR@70rFNhw>
7u@7!*$d"Jb*"gOU(%SDN70kV;=o$Y@-!9SG 9+#T{u!1"oN&cSUl;u<dtc)
]d=P`{hSatY/+<J9V$Rkew=@MDNnbMu.-B9[+1 x-WxMiAxQnx[Q2:^6]<	A u=d @#4*|
@(#,O:GWWl1-J7f nR/gy~t#=guM*Rv`>B<W|uFAj559"|XzU&RCs6p}E7]<ZOh,!/0KYY:mQa+:JDZe~ jx~]h	Kt6V_>N>i? ']hy~m}\-kzqWomR4sQ:E{X a3u&i;\=,jU8t3Uz*;#]Tj-Net	 A3rH&cH~'#Jg,>
z- >4MUb@S5l3OF+|(t\WPsHCw?=Qc,